epoch: 0
stage: 2
joints: [(-1, -1), (-1, -1), (-1, -1), (-1, -1), (-1, -1), (-1, -1), (-1, -1), (-1, -1), (-1, -1), (-1, -1), (-1, -1), (-1, -1), (-1, -1), (-1, -1), (-1, -1), (-1, -1)]
valide_iter: 0
---------------------------------------------------------------------------

epoch: 0
stage: 2
joints: [(-1, -1), (-1, -1), (-1, -1), (-1, -1), (-1, -1), (-1, -1), (-1, -1), (-1, -1), (-1, -1), (-1, -1), (-1, -1), (-1, -1), (-1, -1), (-1, -1), (-1, -1), (-1, -1)]
valide_iter: 4
---------------------------------------------------------------------------

epoch: 2
stage: 2
joints: [(-1, -1), (-1, -1), (-1, -1), (-1, -1), (-1, -1), (-1, -1), (-1, -1), (-1, -1), (-1, -1), (-1, -1), (-1, -1), (-1, -1), (-1, -1), (-1, -1), (-1, -1), (-1, -1)]
valide_iter: 0
---------------------------------------------------------------------------

epoch: 2
stage: 2
joints: [(-1, -1), (-1, -1), (-1, -1), (-1, -1), (-1, -1), (-1, -1), (-1, -1), (-1, -1), (-1, -1), (-1, -1), (-1, -1), (-1, -1), (-1, -1), (-1, -1), (-1, -1), (-1, -1)]
valide_iter: 4
---------------------------------------------------------------------------

epoch: 4
stage: 2
joints: [(-1, -1), (-1, -1), (-1, -1), (-1, -1), (-1, -1), (-1, -1), (-1, -1), (-1, -1), (-1, -1), (-1, -1), (-1, -1), (-1, -1), (-1, -1), (-1, -1), (-1, -1), (-1, -1)]
valide_iter: 0
---------------------------------------------------------------------------

epoch: 4
stage: 2
joints: [(-1, -1), (-1, -1), (-1, -1), (-1, -1), (-1, -1), (-1, -1), (-1, -1), (-1, -1), (-1, -1), (32, 144), (-1, -1), (-1, -1), (-1, -1), (88, 128), (-1, -1), (-1, -1)]
valide_iter: 4
---------------------------------------------------------------------------

epoch: 6
stage: 2
joints: [(-1, -1), (52, 152), (56, 140), (-1, -1), (-1, -1), (-1, -1), (-1, -1), (-1, -1), (-1, -1), (212, 128), (-1, -1), (-1, -1), (-1, -1), (-1, -1), (-1, -1), (-1, -1)]
valide_iter: 0
---------------------------------------------------------------------------

epoch: 6
stage: 2
joints: [(-1, -1), (-1, -1), (60, 140), (-1, -1), (-1, -1), (-1, -1), (36, 80), (-1, -1), (-1, -1), (-1, -1), (-1, -1), (168, 148), (-1, -1), (-1, -1), (-1, -1), (-1, -1)]
valide_iter: 4
---------------------------------------------------------------------------

epoch: 8
stage: 2
joints: [(-1, -1), (-1, -1), (-1, -1), (-1, -1), (-1, -1), (-1, -1), (-1, -1), (-1, -1), (-1, -1), (-1, -1), (-1, -1), (-1, -1), (-1, -1), (-1, -1), (72, 156), (72, 172)]
valide_iter: 0
---------------------------------------------------------------------------

epoch: 8
stage: 2
joints: [(-1, -1), (-1, -1), (-1, -1), (200, 132), (200, 152), (208, 172), (220, 84), (100, 92), (-1, -1), (36, 112), (-1, -1), (-1, -1), (-1, -1), (92, 132), (96, 156), (88, 160)]
valide_iter: 4
---------------------------------------------------------------------------

epoch: 10
stage: 2
joints: [(220, 188), (-1, -1), (-1, -1), (-1, -1), (-1, -1), (-1, -1), (216, 68), (-1, -1), (60, 76), (-1, -1), (-1, -1), (-1, -1), (-1, -1), (88, 128), (92, 152), (88, 172)]
valide_iter: 0
---------------------------------------------------------------------------

epoch: 10
stage: 2
joints: [(168, 152), (184, 128), (-1, -1), (200, 120), (-1, -1), (200, 164), (216, 64), (-1, -1), (-1, -1), (32, 196), (-1, -1), (-1, -1), (-1, -1), (108, 148), (104, 160), (-1, -1)]
valide_iter: 4
---------------------------------------------------------------------------

epoch: 12
stage: 2
joints: [(100, 172), (84, 152), (84, 136), (-1, -1), (36, 152), (32, 168), (32, 76), (180, 84), (216, 124), (216, 152), (-1, -1), (-1, -1), (-1, -1), (-1, -1), (-1, -1), (160, 152)]
valide_iter: 0
---------------------------------------------------------------------------

epoch: 12
stage: 2
joints: [(60, 164), (52, 144), (-1, -1), (-1, -1), (-1, -1), (72, 160), (32, 88), (160, 84), (212, 112), (212, 156), (156, 160), (160, 152), (156, 140), (-1, -1), (-1, -1), (-1, -1)]
valide_iter: 4
---------------------------------------------------------------------------

epoch: 14
stage: 2
joints: [(76, 176), (68, 172), (72, 152), (-1, -1), (-1, -1), (-1, -1), (-1, -1), (156, 72), (-1, -1), (216, 84), (-1, -1), (164, 148), (164, 120), (-1, -1), (-1, -1), (-1, -1)]
valide_iter: 0
---------------------------------------------------------------------------

epoch: 14
stage: 2
joints: [(188, 152), (188, 136), (-1, -1), (200, 120), (208, 144), (208, 160), (212, 72), (76, 84), (36, 136), (36, 184), (-1, -1), (-1, -1), (-1, -1), (100, 128), (96, 156), (88, 176)]
valide_iter: 4
---------------------------------------------------------------------------

epoch: 16
stage: 2
joints: [(156, 156), (-1, -1), (-1, -1), (184, 144), (180, 156), (164, 160), (220, 132), (104, 100), (64, 92), (40, 124), (40, 152), (44, 144), (-1, -1), (92, 140), (64, 152), (-1, -1)]
valide_iter: 0
---------------------------------------------------------------------------

epoch: 16
stage: 2
joints: [(-1, -1), (-1, -1), (-1, -1), (-1, -1), (-1, -1), (-1, -1), (-1, -1), (128, 64), (204, 48), (216, 80), (-1, -1), (160, 164), (156, 148), (-1, -1), (204, 164), (212, 176)]
valide_iter: 4
---------------------------------------------------------------------------

epoch: 18
stage: 2
joints: [(-1, -1), (-1, -1), (-1, -1), (200, 140), (200, 156), (204, 176), (216, 80), (72, 88), (40, 124), (-1, -1), (-1, -1), (-1, -1), (-1, -1), (84, 140), (84, 164), (84, 176)]
valide_iter: 0
---------------------------------------------------------------------------

epoch: 18
stage: 2
joints: [(68, 184), (64, 160), (64, 144), (40, 140), (36, 160), (-1, -1), (36, 92), (160, 72), (-1, -1), (212, 104), (176, 152), (176, 140), (176, 124), (-1, -1), (164, 136), (164, 152)]
valide_iter: 4
---------------------------------------------------------------------------

epoch: 20
stage: 2
joints: [(196, 160), (-1, -1), (-1, -1), (204, 132), (208, 144), (208, 168), (216, 80), (76, 100), (40, 128), (36, 168), (-1, -1), (-1, -1), (-1, -1), (84, 152), (-1, -1), (104, 172)]
valide_iter: 0
---------------------------------------------------------------------------

epoch: 20
stage: 2
joints: [(40, 160), (40, 136), (44, 124), (-1, -1), (56, 140), (56, 156), (36, 64), (180, 92), (216, 144), (204, 184), (168, 176), (164, 160), (164, 140), (-1, -1), (-1, -1), (136, 160)]
valide_iter: 4
---------------------------------------------------------------------------

epoch: 22
stage: 2
joints: [(-1, -1), (52, 164), (52, 152), (-1, -1), (-1, -1), (-1, -1), (40, 100), (160, 84), (204, 108), (216, 132), (160, 164), (160, 148), (160, 136), (-1, -1), (-1, -1), (140, 152)]
valide_iter: 0
---------------------------------------------------------------------------

epoch: 22
stage: 2
joints: [(-1, -1), (-1, -1), (-1, -1), (200, 132), (200, 148), (204, 160), (216, 88), (92, 88), (48, 116), (36, 152), (92, 160), (-1, -1), (-1, -1), (108, 132), (104, 148), (112, 160)]
valide_iter: 4
---------------------------------------------------------------------------

epoch: 24
stage: 2
joints: [(80, 184), (76, 164), (76, 132), (36, 136), (40, 164), (40, 192), (40, 64), (172, 72), (208, 128), (212, 176), (160, 176), (164, 156), (164, 140), (120, 124), (120, 148), (116, 172)]
valide_iter: 0
---------------------------------------------------------------------------

epoch: 24
stage: 2
joints: [(48, 164), (48, 152), (-1, -1), (-1, -1), (-1, -1), (-1, -1), (36, 92), (148, 88), (192, 100), (216, 112), (152, 164), (152, 148), (152, 140), (-1, -1), (136, 144), (140, 160)]
valide_iter: 4
---------------------------------------------------------------------------

epoch: 26
stage: 2
joints: [(208, 176), (212, 152), (216, 140), (192, 144), (192, 160), (196, 176), (212, 76), (80, 100), (44, 132), (36, 172), (-1, -1), (-1, -1), (-1, -1), (-1, -1), (92, 160), (96, 168)]
valide_iter: 0
---------------------------------------------------------------------------

epoch: 26
stage: 2
joints: [(68, 168), (60, 148), (60, 128), (-1, -1), (-1, -1), (-1, -1), (32, 84), (168, 88), (212, 120), (220, 160), (156, 160), (152, 148), (156, 132), (-1, -1), (-1, -1), (-1, -1)]
valide_iter: 4
---------------------------------------------------------------------------

epoch: 28
stage: 2
joints: [(176, 164), (188, 144), (188, 124), (196, 140), (200, 160), (204, 176), (216, 88), (68, 80), (36, 120), (44, 148), (100, 144), (100, 132), (96, 124), (68, 132), (64, 144), (60, 160)]
valide_iter: 0
---------------------------------------------------------------------------

epoch: 28
stage: 2
joints: [(204, 168), (204, 148), (-1, -1), (204, 132), (216, 148), (208, 168), (216, 84), (92, 88), (60, 100), (36, 112), (108, 164), (108, 148), (108, 132), (92, 140), (92, 156), (92, 172)]
valide_iter: 4
---------------------------------------------------------------------------

epoch: 30
stage: 2
joints: [(52, 164), (48, 144), (44, 128), (64, 120), (68, 132), (72, 144), (36, 76), (160, 92), (204, 124), (216, 168), (132, 176), (128, 164), (136, 148), (160, 140), (160, 152), (164, 164)]
valide_iter: 0
---------------------------------------------------------------------------

epoch: 30
stage: 2
joints: [(128, 164), (-1, -1), (-1, -1), (172, 156), (160, 168), (136, 176), (216, 156), (100, 76), (48, 96), (40, 156), (-1, -1), (-1, -1), (-1, -1), (96, 140), (80, 160), (76, 180)]
valide_iter: 4
---------------------------------------------------------------------------

epoch: 32
stage: 2
joints: [(96, 172), (84, 152), (80, 136), (40, 128), (36, 148), (36, 168), (36, 80), (180, 88), (216, 112), (216, 156), (152, 164), (156, 148), (160, 132), (-1, -1), (-1, -1), (168, 156)]
valide_iter: 0
---------------------------------------------------------------------------

epoch: 32
stage: 2
joints: [(64, 168), (60, 156), (60, 132), (-1, -1), (-1, -1), (-1, -1), (36, 92), (168, 84), (208, 128), (216, 172), (144, 160), (144, 148), (140, 132), (-1, -1), (-1, -1), (164, 148)]
valide_iter: 4
---------------------------------------------------------------------------

epoch: 34
stage: 2
joints: [(68, 140), (48, 132), (-1, -1), (-1, -1), (-1, -1), (-1, -1), (36, 116), (156, 96), (200, 116), (-1, -1), (-1, -1), (-1, -1), (-1, -1), (-1, -1), (-1, -1), (216, 152)]
valide_iter: 0
---------------------------------------------------------------------------

epoch: 34
stage: 2
joints: [(116, 172), (-1, -1), (-1, -1), (-1, -1), (-1, -1), (-1, -1), (48, 140), (168, 124), (208, 124), (232, 156), (156, 168), (164, 164), (164, 148), (-1, -1), (-1, -1), (-1, -1)]
valide_iter: 4
---------------------------------------------------------------------------

epoch: 36
stage: 2
joints: [(184, 148), (188, 136), (-1, -1), (200, 128), (208, 136), (216, 144), (212, 116), (92, 100), (56, 112), (36, 140), (80, 144), (-1, -1), (-1, -1), (96, 136), (92, 152), (100, 152)]
valide_iter: 0
---------------------------------------------------------------------------

epoch: 36
stage: 2
joints: [(236, 168), (-1, -1), (-1, -1), (232, 140), (244, 148), (244, 164), (244, 100), (-1, -1), (132, 108), (116, 120), (172, 156), (172, 144), (-1, -1), (156, 140), (156, 152), (156, 160)]
valide_iter: 4
---------------------------------------------------------------------------

epoch: 38
stage: 2
joints: [(164, 152), (172, 132), (-1, -1), (192, 124), (192, 144), (196, 164), (204, 76), (56, 76), (8, 112), (-1, -1), (80, 156), (-1, -1), (-1, -1), (72, 128), (72, 148), (68, 160)]
valide_iter: 0
---------------------------------------------------------------------------

epoch: 38
stage: 2
joints: [(208, 172), (212, 152), (212, 132), (196, 132), (200, 156), (196, 176), (216, 72), (76, 92), (36, 136), (36, 184), (120, 160), (116, 152), (112, 132), (92, 140), (92, 156), (92, 172)]
valide_iter: 4
---------------------------------------------------------------------------

epoch: 40
stage: 2
joints: [(184, 160), (188, 144), (-1, -1), (200, 136), (204, 152), (204, 168), (216, 88), (84, 84), (52, 108), (36, 136), (-1, -1), (-1, -1), (-1, -1), (88, 132), (80, 148), (76, 156)]
valide_iter: 0
---------------------------------------------------------------------------

epoch: 40
stage: 2
joints: [(-1, -1), (-1, -1), (-1, -1), (196, 140), (204, 156), (200, 172), (216, 80), (72, 92), (40, 128), (-1, -1), (-1, -1), (-1, -1), (-1, -1), (84, 140), (84, 160), (80, 172)]
valide_iter: 4
---------------------------------------------------------------------------

epoch: 42
stage: 2
joints: [(208, 168), (212, 148), (208, 132), (196, 132), (200, 148), (200, 172), (216, 84), (84, 80), (48, 120), (36, 156), (100, 152), (-1, -1), (-1, -1), (96, 132), (96, 148), (92, 160)]
valide_iter: 0
---------------------------------------------------------------------------

epoch: 42
stage: 2
joints: [(188, 164), (192, 140), (-1, -1), (208, 116), (208, 136), (216, 160), (212, 56), (40, 88), (8, 152), (28, 204), (96, 168), (96, 152), (-1, -1), (68, 144), (64, 164), (68, 184)]
valide_iter: 4
---------------------------------------------------------------------------

epoch: 44
stage: 2
joints: [(-1, -1), (-1, -1), (-1, -1), (208, 132), (208, 148), (204, 160), (216, 84), (100, 88), (48, 100), (24, 132), (96, 156), (-1, -1), (-1, -1), (104, 136), (104, 152), (104, 168)]
valide_iter: 0
---------------------------------------------------------------------------

epoch: 44
stage: 2
joints: [(200, 160), (204, 140), (204, 124), (192, 132), (188, 148), (180, 160), (216, 84), (84, 84), (48, 112), (36, 152), (76, 164), (80, 148), (80, 132), (108, 140), (112, 156), (108, 168)]
valide_iter: 4
---------------------------------------------------------------------------

