epoch: 0
accuracy_array_train: [0.68499139 0.67125904 0.63601125 0.65178708 0.66852179 0.66966981
 0.67442468 0.75372875 0.70248154 0.66208378 0.70253724 0.65574278
 0.65083526 0.68210136 0.68774765 0.71840511]
--aaccuracy_array: [0.80155377 0.74161462 0.69017767 0.76262863 0.80178551 0.80527258
 0.70086862 0.83434097 0.71948546 0.70057906 0.74143034 0.6740701
 0.70152526 0.77755393 0.80154036 0.78008452]
----Avg. Accuracy : 75.215
cost_train: 112.60299744643271
---------------------------------------------------------------------------

epoch: 1
accuracy_array_train: [0.84345921 0.82363277 0.73277624 0.77494821 0.83313311 0.84855874
 0.79077378 0.90440079 0.8244781  0.76805955 0.82826904 0.76595295
 0.74598756 0.76575136 0.78253466 0.83666235]
--aaccuracy_array: [0.90675245 0.85343914 0.72258447 0.88322052 0.91043325 0.92862837
 0.92050764 0.93670063 0.87736188 0.86913301 0.84472428 0.71674064
 0.68797599 0.86905888 0.87401527 0.89915395]
----Avg. Accuracy : 85.627
cost_train: 4.652116762474179
---------------------------------------------------------------------------

epoch: 2
accuracy_array_train: [0.89498239 0.85428939 0.7609917  0.84870634 0.88911365 0.90289776
 0.93249416 0.94355037 0.93879839 0.9215311  0.88322096 0.80756024
 0.79412428 0.79325029 0.80155787 0.8690359 ]
--aaccuracy_array: [0.86118631 0.8141641  0.70155819 0.91767007 0.90836212 0.94550399
 0.95375989 0.9479285  0.94624637 0.91776963 0.83513296 0.77052996
 0.75671385 0.88120292 0.90664905 0.92345342]
----Avg. Accuracy : 87.423
cost_train: 3.6672498313710093
---------------------------------------------------------------------------

epoch: 3
accuracy_array_train: [0.89804222 0.85645226 0.76320663 0.86017881 0.90040128 0.91371231
 0.9542583  0.95418119 0.95808854 0.93995722 0.88585414 0.81127913
 0.79974625 0.80093178 0.81020253 0.87540654]
--aaccuracy_array: [0.96061574 0.91503471 0.83843783 0.81254075 0.8471666  0.88612375
 0.96152432 0.9667948  0.96696651 0.96523789 0.87388465 0.85239321
 0.85912707 0.68889711 0.69653088 0.79066519]
----Avg. Accuracy : 86.762
cost_train: 3.312037440482527
---------------------------------------------------------------------------

epoch: 4
accuracy_array_train: [0.90608347 0.86312574 0.77254926 0.85899291 0.89831372 0.91576319
 0.9602298  0.96253687 0.96537481 0.94910025 0.88919455 0.81600099
 0.8070231  0.79788763 0.80584414 0.87541198]
--aaccuracy_array: [0.91166738 0.86812656 0.80094077 0.89722857 0.92264874 0.93390714
 0.95441329 0.97012489 0.9677231  0.94843046 0.93830574 0.84464224
 0.83395925 0.82127506 0.84327519 0.88184489]
----Avg. Accuracy : 89.615
cost_train: 3.0967479944229126
---------------------------------------------------------------------------

epoch: 5
accuracy_array_train: [0.91658544 0.87313751 0.77316932 0.86581693 0.90187607 0.91808196
 0.96669105 0.96833803 0.97101484 0.95761006 0.89379341 0.81770104
 0.80760772 0.80283138 0.81488785 0.88338884]
--aaccuracy_array: [0.92413069 0.90998371 0.81991802 0.84075966 0.87909986 0.86423156
 0.98008792 0.97806653 0.97689588 0.97620904 0.90533946 0.84058428
 0.82529137 0.73167349 0.74096191 0.80700676]
----Avg. Accuracy : 87.501
cost_train: 2.9240116449072957
---------------------------------------------------------------------------

epoch: 6
accuracy_array_train: [0.912172   0.8648204  0.76645934 0.87042306 0.90732114 0.92437824
 0.96980344 0.97254767 0.97542971 0.95728265 0.89735755 0.81733564
 0.80285644 0.80832936 0.82001964 0.88864675]
--aaccuracy_array: [0.94518921 0.85001504 0.76119025 0.88566194 0.93479839 0.96165277
 0.97525649 0.97710787 0.9791541  0.92869928 0.91950126 0.86004502
 0.80965    0.81707966 0.82524513 0.86363639]
----Avg. Accuracy : 89.336
cost_train: 2.7575849713757634
---------------------------------------------------------------------------

epoch: 7
accuracy_array_train: [0.91328071 0.86614624 0.77580899 0.86674079 0.9048879  0.92047283
 0.97027381 0.97636087 0.97770822 0.96139005 0.90051276 0.82200146
 0.80861244 0.80511241 0.81638903 0.88610298]
--aaccuracy_array: [0.95036681 0.9014056  0.76264535 0.91612323 0.93491204 0.94485219
 0.96137887 0.97590314 0.97973308 0.97731176 0.9396988  0.83340356
 0.80329674 0.88862444 0.8895705  0.90809013]
----Avg. Accuracy : 91.045
cost_train: 2.6058022351935506
---------------------------------------------------------------------------

epoch: 8
accuracy_array_train: [0.92129956 0.87748744 0.77942734 0.86617028 0.90851885 0.92761076
 0.9716327  0.97784159 0.97919032 0.96290173 0.90551491 0.83027115
 0.81468879 0.80427279 0.81986685 0.89542769]
--aaccuracy_array: [0.94883968 0.83692811 0.74477404 0.86758128 0.90677603 0.92592019
 0.97187209 0.97820243 0.98293801 0.95391609 0.87145485 0.76488057
 0.75513034 0.81530009 0.86734049 0.91738904]
----Avg. Accuracy : 88.182
cost_train: 2.5236017326824367
---------------------------------------------------------------------------

epoch: 9
accuracy_array_train: [0.92034291 0.87735616 0.78074257 0.87552704 0.91295872 0.92984979
 0.97428747 0.98082163 0.98104645 0.96608328 0.90446303 0.82899981
 0.81274104 0.81705779 0.82877752 0.9029569 ]
--aaccuracy_array: [0.95000875 0.85092786 0.73215537 0.89905891 0.92253873 0.93679561
 0.96267158 0.98285887 0.98326407 0.9551208  0.90280837 0.80323105
 0.79516    0.86119056 0.871732   0.89283085]
----Avg. Accuracy : 89.389
cost_train: 2.4188377340324223
---------------------------------------------------------------------------

epoch: 10
accuracy_array_train: [0.92461679 0.88012565 0.7785499  0.87305574 0.91283701 0.93074787
 0.97256158 0.98258454 0.98224048 0.96616154 0.90641317 0.82860472
 0.81282026 0.81399796 0.82620161 0.89649786]
--aaccuracy_array: [0.9211157  0.85451494 0.7648641  0.83711232 0.88283433 0.89670795
 0.94844933 0.98263314 0.98272876 0.96900754 0.83391976 0.81732234
 0.80620913 0.76968712 0.75906758 0.86081231]
----Avg. Accuracy : 86.793
cost_train: 2.3087082128040493
---------------------------------------------------------------------------

epoch: 11
accuracy_array_train: [0.92575534 0.87762057 0.78080482 0.87094897 0.9149301  0.93345977
 0.9759316  0.98376    0.98338392 0.96331097 0.90838803 0.83374351
 0.81723354 0.81146214 0.82187373 0.8971277 ]
--aaccuracy_array: [0.93839282 0.9096323  0.88112794 0.8547045  0.89964825 0.95008856
 0.98816487 0.98174846 0.98338407 0.95285949 0.92003088 0.86509733
 0.85401025 0.76886858 0.76795579 0.87617178]
----Avg. Accuracy : 89.949
cost_train: 2.2530986298806965
---------------------------------------------------------------------------

epoch: 12
accuracy_array_train: [0.92612708 0.88154825 0.77859084 0.87295369 0.91618461 0.93417605
 0.97658311 0.98528783 0.9850007  0.96780018 0.91326867 0.82978944
 0.80911592 0.81219654 0.82147837 0.8928566 ]
--aaccuracy_array: [0.91994806 0.87614039 0.7985884  0.88114175 0.89491235 0.9265407
 0.98821002 0.98657596 0.98810244 0.96709704 0.8953732  0.83998922
 0.82706818 0.81414776 0.83660118 0.91613215]
----Avg. Accuracy : 89.728
cost_train: 2.186735888943076
---------------------------------------------------------------------------

epoch: 13
accuracy_array_train: [0.93125112 0.88323318 0.78176017 0.87267055 0.91145152 0.9340582
 0.97677576 0.98628456 0.98569816 0.96614257 0.90730659 0.82971991
 0.81117273 0.81417308 0.82461351 0.89555333]
--aaccuracy_array: [0.89834975 0.88566151 0.76820455 0.85217355 0.89938116 0.89775988
 0.99075361 0.98766255 0.98638682 0.98262568 0.91039972 0.7894223
 0.77413927 0.84075542 0.8525786  0.91199785]
----Avg. Accuracy : 88.926
cost_train: 2.133714296389371
---------------------------------------------------------------------------

epoch: 14
accuracy_array_train: [0.92806833 0.88553325 0.78623485 0.86948379 0.91167545 0.93520812
 0.97662842 0.98736687 0.98661998 0.96846502 0.91744457 0.83617558
 0.81528482 0.81157923 0.8219944  0.89526731]
--aaccuracy_array: [0.9602835  0.89573652 0.76119399 0.82888362 0.90064929 0.90312482
 0.98078091 0.98787558 0.98458859 0.97510779 0.88912639 0.82817045
 0.8108948  0.76027244 0.78944296 0.92779246]
----Avg. Accuracy : 88.649
cost_train: 2.089315302670002
---------------------------------------------------------------------------

epoch: 15
accuracy_array_train: [0.93138779 0.88935671 0.78630944 0.87056137 0.91241249 0.93282827
 0.97764861 0.98795853 0.98739208 0.97217739 0.91559274 0.83317696
 0.81372154 0.81277752 0.82188947 0.90097098]
--aaccuracy_array: [0.95458744 0.85699061 0.81428227 0.88118222 0.91464624 0.93117845
 0.97147715 0.98442648 0.98778683 0.9902354  0.92261668 0.85211891
 0.84822091 0.81349546 0.8210694  0.90761925]
----Avg. Accuracy : 90.324
cost_train: 2.06177233858034
---------------------------------------------------------------------------

epoch: 16
accuracy_array_train: [0.92333164 0.87643184 0.78418386 0.87448331 0.91757215 0.93963798
 0.98148185 0.98888612 0.98828592 0.97120713 0.91488267 0.83380289
 0.81485264 0.81685236 0.82678053 0.90229516]
--aaccuracy_array: [0.92158641 0.85855609 0.81055902 0.85048753 0.89921562 0.93175815
 0.98349033 0.99085224 0.990189   0.97366861 0.93569361 0.86888012
 0.84630054 0.79967271 0.82575753 0.89428779]
----Avg. Accuracy : 89.880
cost_train: 2.0235328781418502
---------------------------------------------------------------------------

epoch: 17
accuracy_array_train: [0.92965351 0.88035575 0.77485609 0.87656085 0.91756404 0.93801387
 0.98053712 0.98930871 0.98835427 0.9684477  0.91283413 0.82665036
 0.80635698 0.82099118 0.83404228 0.90596932]
--aaccuracy_array: [0.96956222 0.90718308 0.85318403 0.88079742 0.92867775 0.91895719
 0.98050873 0.98971714 0.98182504 0.97214696 0.88414167 0.87901545
 0.85464104 0.83134484 0.83386633 0.91197932]
----Avg. Accuracy : 91.109
cost_train: 1.9980713536497205
---------------------------------------------------------------------------

epoch: 18
accuracy_array_train: [0.93064421 0.88090591 0.78198872 0.866703   0.91052988 0.93325965
 0.9786554  0.99017782 0.98907256 0.972844   0.91245259 0.82895574
 0.80766753 0.81004042 0.81887883 0.89713468]
--aaccuracy_array: [0.92703347 0.90703827 0.83790936 0.89391264 0.89805548 0.92813933
 0.99015924 0.99026276 0.98491475 0.97742075 0.9115086  0.83640237
 0.83724192 0.8669004  0.8601303  0.91613075]
----Avg. Accuracy : 91.019
cost_train: 1.9575585948769003
---------------------------------------------------------------------------

epoch: 19
accuracy_array_train: [0.93102943 0.8856214  0.78259997 0.87412203 0.91723565 0.93695457
 0.97799868 0.99041695 0.98972943 0.97204907 0.91192138 0.83127683
 0.80673181 0.81905349 0.83029779 0.89987511]
--aaccuracy_array: [0.92189324 0.84274997 0.79523326 0.88740809 0.9109021  0.93351376
 0.97849125 0.99080072 0.99130306 0.94232677 0.95077135 0.83589338
 0.79708485 0.82883005 0.83359872 0.86803964]
----Avg. Accuracy : 89.430
cost_train: 1.9445277829654515
---------------------------------------------------------------------------

epoch: 20
accuracy_array_train: [0.93447643 0.89102553 0.79652892 0.87222256 0.91494612 0.93646655
 0.98152604 0.99099609 0.98978258 0.97285464 0.9174746  0.84034502
 0.81769691 0.8161297  0.83142981 0.90493447]
--aaccuracy_array: [0.8881367  0.80362707 0.7630873  0.86247157 0.91621399 0.94190894
 0.9660051  0.9905598  0.98913649 0.95331156 0.86833213 0.78205813
 0.77568068 0.84921233 0.83367571 0.88572693]
----Avg. Accuracy : 87.932
cost_train: 1.9382472119759768
---------------------------------------------------------------------------

epoch: 21
accuracy_array_train: [0.93250555 0.88842492 0.78795082 0.87016789 0.91842003 0.93936181
 0.98080133 0.99149543 0.98997482 0.97264621 0.91617045 0.83044878
 0.80568392 0.81892903 0.82940115 0.90932595]
--aaccuracy_array: [0.93921541 0.95622835 0.86301181 0.83798186 0.8761937  0.90971367
 0.98069592 0.99073847 0.99046117 0.99180537 0.92361183 0.89210731
 0.85451341 0.77714694 0.79916926 0.86789328]
----Avg. Accuracy : 90.315
cost_train: 1.911866609705612
---------------------------------------------------------------------------

epoch: 22
accuracy_array_train: [0.93110682 0.88135209 0.78254002 0.87677631 0.92009995 0.9399158
 0.98168143 0.99174188 0.99047005 0.97349999 0.91265426 0.83279399
 0.80474935 0.82764159 0.83365989 0.91295581]
--aaccuracy_array: [0.89573652 0.86027063 0.78834322 0.88131253 0.89645196 0.90096952
 0.98233069 0.99163109 0.98874617 0.98859873 0.93815862 0.84380466
 0.77993071 0.839017   0.87595205 0.91518305]
----Avg. Accuracy : 89.790
cost_train: 1.8948698588646948
---------------------------------------------------------------------------

epoch: 23
accuracy_array_train: [0.93534893 0.88520214 0.78576343 0.87106312 0.91740895 0.93776366
 0.98183651 0.99211844 0.99060566 0.97531307 0.91412519 0.82827945
 0.80428875 0.81908894 0.82565722 0.89825314]
--aaccuracy_array: [0.95468178 0.88993241 0.79887643 0.85038345 0.93888386 0.97996372
 0.98585333 0.99320841 0.97319072 0.98033229 0.96723859 0.8697224
 0.84544007 0.84084648 0.82822801 0.91389593]
----Avg. Accuracy : 91.316
cost_train: 1.8706800730433315
---------------------------------------------------------------------------

epoch: 24
accuracy_array_train: [0.92956814 0.87983491 0.77972124 0.8732383  0.91631034 0.93775819
 0.9812799  0.99206835 0.99130562 0.97320148 0.91678477 0.82604809
 0.79894756 0.82287539 0.83218757 0.90293498]
--aaccuracy_array: [0.91479219 0.8842411  0.79795249 0.8917318  0.94801822 0.95837513
 0.99228816 0.99338885 0.98485303 0.98094593 0.89324167 0.85284583
 0.81055515 0.88085766 0.88595736 0.9609116 ]
----Avg. Accuracy : 91.443
cost_train: 1.860731755150482
---------------------------------------------------------------------------

epoch: 25
accuracy_array_train: [0.93469549 0.88407633 0.78322505 0.86939739 0.9150341  0.9384955
 0.97909825 0.9922814  0.99141173 0.97345579 0.92180606 0.8327695
 0.80341295 0.82218819 0.82961749 0.90287289]
--aaccuracy_array: [0.95543858 0.9064694  0.79608789 0.87417479 0.93937676 0.95467556
 0.98690887 0.99236834 0.99188194 0.97544913 0.90265195 0.85450798
 0.82190068 0.81128424 0.82062194 0.93113057]
----Avg. Accuracy : 90.718
cost_train: 1.84901860402897
---------------------------------------------------------------------------

epoch: 26
accuracy_array_train: [0.93257343 0.88959952 0.78361984 0.87722755 0.92214131 0.94015913
 0.98178354 0.99265112 0.99182909 0.97609404 0.91715197 0.82640969
 0.79985458 0.82944561 0.83368654 0.90288003]
--aaccuracy_array: [0.95844893 0.8279008  0.74406825 0.90253307 0.95170204 0.94540533
 0.99322611 0.995263   0.99304569 0.99183479 0.91294526 0.77197865
 0.74748378 0.85228948 0.86529666 0.90183479]
----Avg. Accuracy : 89.720
cost_train: 1.8394378628581762
---------------------------------------------------------------------------

epoch: 27
accuracy_array_train: [0.93524141 0.89139087 0.78542274 0.87577943 0.92085775 0.94020005
 0.98344801 0.99308135 0.9917324  0.97683911 0.91098389 0.82758632
 0.80070692 0.82820287 0.83241573 0.90915327]
--aaccuracy_array: [0.95866866 0.92874625 0.81194004 0.89922343 0.94492888 0.96062002
 0.99345627 0.99388936 0.99354799 0.98285317 0.90659921 0.81245118
 0.8030736  0.85996938 0.84920949 0.91609327]
----Avg. Accuracy : 91.345
cost_train: 1.8244821417611092
---------------------------------------------------------------------------

epoch: 28
accuracy_array_train: [0.93187043 0.88133959 0.7849063  0.86926774 0.91908988 0.93720112
 0.98278071 0.99313052 0.99184253 0.97604002 0.9160988  0.82603891
 0.79669203 0.81765123 0.82067678 0.90202755]
--aaccuracy_array: [0.90991168 0.826314   0.73751101 0.9152752  0.93040369 0.92739113
 0.99389118 0.99293368 0.99350084 0.98251161 0.93124478 0.8077645
 0.78523558 0.85452837 0.84125853 0.93021899]
----Avg. Accuracy : 89.749
cost_train: 1.7985892726574093
---------------------------------------------------------------------------

epoch: 29
accuracy_array_train: [0.93111583 0.88679863 0.79204335 0.87397597 0.91832346 0.9377135
 0.98316447 0.99341275 0.99289244 0.97584941 0.91497316 0.83110304
 0.80380199 0.82967232 0.83645623 0.91142983]
--aaccuracy_array: [0.95977665 0.92467733 0.7351513  0.88271105 0.93826048 0.93069462
 0.98366168 0.99482735 0.99455261 0.99304749 0.9167241  0.80881996
 0.74211925 0.84425311 0.84909447 0.93285333]
----Avg. Accuracy : 90.195
cost_train: 1.810461862012744
---------------------------------------------------------------------------

epoch: 30
accuracy_array_train: [0.93197767 0.88709135 0.78706997 0.868957   0.91881458 0.93729652
 0.9827985  0.99366805 0.9923493  0.97392746 0.91779792 0.82970553
 0.80278323 0.82634576 0.83063599 0.90787661]
--aaccuracy_array: [0.94891945 0.92299752 0.81522261 0.89279874 0.91663828 0.9141764
 0.98227692 0.99201345 0.99272563 0.99345371 0.91548012 0.83401889
 0.80107996 0.84836455 0.86869939 0.93414812]
----Avg. Accuracy : 91.081
cost_train: 1.7989507229067385
---------------------------------------------------------------------------

epoch: 31
accuracy_array_train: [0.93184663 0.88550144 0.78438362 0.86749083 0.91623881 0.93618142
 0.98217006 0.99389763 0.99209471 0.97503761 0.91294957 0.82716526
 0.79679396 0.82330606 0.8336981  0.90245144]
--aaccuracy_array: [0.91043752 0.89724587 0.68188965 0.90141094 0.93526597 0.98111433
 0.97703287 0.99333993 0.99471353 0.9814124  0.88118581 0.79551445
 0.72545378 0.85556588 0.86707284 0.93151352]
----Avg. Accuracy : 89.438
cost_train: 1.7822489894460887
---------------------------------------------------------------------------

epoch: 32
accuracy_array_train: [0.93839637 0.89047823 0.79270906 0.87333335 0.91932125 0.94394545
 0.98311623 0.99395395 0.99312511 0.97637502 0.91599668 0.83102228
 0.80509827 0.8270386  0.83003835 0.90094844]
--aaccuracy_array: [0.93984111 0.8828887  0.8384617  0.88547008 0.94081651 0.95519298
 0.99498825 0.99338703 0.99388936 0.97682643 0.95680185 0.86013518
 0.8432152  0.79526345 0.80801523 0.91520558]
----Avg. Accuracy : 91.127
cost_train: 1.7862560914363712
---------------------------------------------------------------------------

epoch: 33
accuracy_array_train: [0.93583759 0.89162192 0.79523658 0.86903776 0.9165506  0.94025957
 0.98297999 0.99414517 0.99287768 0.97853464 0.91235291 0.82976949
 0.80100711 0.82099021 0.83091169 0.90574596]
--aaccuracy_array: [0.94189206 0.91634622 0.80956756 0.8447364  0.93790196 0.95665441
 0.97222951 0.99581423 0.99439166 0.99416409 0.93015321 0.86008881
 0.84708461 0.74936935 0.76880941 0.8455624 ]
----Avg. Accuracy : 89.779
cost_train: 1.775782261043787
---------------------------------------------------------------------------

epoch: 34
accuracy_array_train: [0.92921679 0.89133499 0.78931979 0.87270217 0.91882325 0.9401942
 0.98224343 0.99421769 0.99281107 0.97873308 0.91957514 0.83032631
 0.79846985 0.82684376 0.83508725 0.91057109]
--aaccuracy_array: [0.95931266 0.92427897 0.80163682 0.88973409 0.91020748 0.94919713
 0.99354799 0.99466643 0.9947802  0.97406013 0.89278083 0.84934115
 0.79384035 0.85350168 0.83639984 0.91819267]
----Avg. Accuracy : 90.846
cost_train: 1.7763238216284662
---------------------------------------------------------------------------

epoch: 35
accuracy_array_train: [0.93685227 0.88814893 0.78725708 0.87088692 0.91746165 0.94178595
 0.98341886 0.99434147 0.99271409 0.97654918 0.91993945 0.8304439
 0.79890026 0.82907169 0.83479738 0.90446845]
--aaccuracy_array: [0.92697577 0.92402512 0.77878797 0.88733649 0.93685342 0.94587125
 0.97470838 0.99510205 0.98557919 0.96955892 0.82235084 0.7805603
 0.77084312 0.85437439 0.88705041 0.91207634]
----Avg. Accuracy : 89.700
cost_train: 1.7675177853088826
---------------------------------------------------------------------------

epoch: 36
accuracy_array_train: [0.93358687 0.89411696 0.79743523 0.87239666 0.91905949 0.93805359
 0.98328712 0.99460283 0.99381292 0.97960904 0.91905409 0.83594392
 0.80742525 0.82623071 0.83070076 0.90484996]
--aaccuracy_array: [0.94514467 0.86295775 0.7464477  0.87755519 0.92099467 0.96043956
 0.9870584  0.99333993 0.99393651 0.97672133 0.91820535 0.83560382
 0.79393159 0.86856882 0.85919595 0.88736351]
----Avg. Accuracy : 90.171
cost_train: 1.7628115934785455
---------------------------------------------------------------------------

epoch: 37
accuracy_array_train: [0.93039651 0.88805288 0.7882108  0.87005873 0.9202454  0.94195343
 0.98336427 0.99463901 0.99387211 0.97854077 0.91433355 0.83021028
 0.7975153  0.82460091 0.8268073  0.90394434]
--aaccuracy_array: [0.88192382 0.8641195  0.80574439 0.8642645  0.9387871  0.95603286
 0.99498826 0.99510205 0.99521586 0.98206638 0.93670607 0.81862593
 0.80156928 0.80784445 0.76875283 0.85293569]
----Avg. Accuracy : 89.154
cost_train: 1.7487247348763049
---------------------------------------------------------------------------

epoch: 38
accuracy_array_train: [0.93331748 0.88856857 0.78905285 0.87424689 0.92256531 0.94083282
 0.98204736 0.99488969 0.99388624 0.97568369 0.91231094 0.82611093
 0.79710204 0.83154485 0.83713575 0.90108604]
--aaccuracy_array: [0.93517068 0.94118552 0.82351111 0.88366371 0.91361782 0.92947349
 0.9869208  0.99526298 0.99642855 0.98366216 0.92549042 0.84919932
 0.78345276 0.83095393 0.81372133 0.87404068]
----Avg. Accuracy : 90.410
cost_train: 1.7467634181957692
---------------------------------------------------------------------------

epoch: 39
accuracy_array_train: [0.934763   0.89393224 0.79761517 0.87008022 0.91856038 0.93727812
 0.98420622 0.99484108 0.99346325 0.97815034 0.91822176 0.83599852
 0.80144737 0.82674507 0.83534233 0.90519634]
--aaccuracy_array: [0.9624826  0.91848963 0.79014146 0.87719367 0.94914556 0.95795615
 0.98032646 0.99549058 0.97808106 0.9520288  0.87114547 0.82689565
 0.79737407 0.80423944 0.8032587  0.88870971]
----Avg. Accuracy : 89.705
cost_train: 1.7496531032957137
---------------------------------------------------------------------------

epoch: 40
accuracy_array_train: [0.94069938 0.89652631 0.7968005  0.87052496 0.91883467 0.93808218
 0.98209258 0.99506359 0.99419496 0.979101   0.9153796  0.82564438
 0.79951823 0.83359235 0.8377784  0.9110437 ]
--aaccuracy_array: [0.90817825 0.895841   0.86635411 0.84060974 0.91826677 0.96406028
 0.99615383 0.99498829 0.99411698 0.96474764 0.9585277  0.89052625
 0.87142307 0.79994141 0.79274116 0.89865407]
----Avg. Accuracy : 90.969
cost_train: 1.7461757001001388
---------------------------------------------------------------------------

epoch: 41
accuracy_array_train: [0.93649598 0.8942487  0.78798663 0.87184188 0.9212737  0.943334
 0.98389001 0.99515941 0.99454017 0.97693877 0.91400676 0.83075115
 0.79663052 0.82943487 0.83209267 0.90950981]
--aaccuracy_array: [0.92844056 0.88106495 0.79709375 0.92073022 0.91548187 0.91550888
 0.99835165 0.99647568 0.99532963 0.97995782 0.93784432 0.8212987
 0.79069354 0.89398059 0.88497818 0.93223438]
----Avg. Accuracy : 91.184
cost_train: 1.7371745416894555
---------------------------------------------------------------------------

epoch: 42
accuracy_array_train: [0.93230742 0.88564856 0.79519738 0.8706553  0.91696683 0.93914568
 0.98309453 0.99513609 0.99445573 0.97720379 0.91880762 0.828296
 0.80152205 0.82672245 0.83186378 0.90126851]
--aaccuracy_array: [0.89092387 0.86591604 0.74647213 0.88380256 0.95812587 0.98088896
 0.99658948 0.99686421 0.99400316 0.97145532 0.88470674 0.77583195
 0.71939576 0.85745533 0.86466214 0.89976874]
----Avg. Accuracy : 89.292
cost_train: 1.7319251743610948
---------------------------------------------------------------------------

epoch: 43
accuracy_array_train: [0.93537901 0.89190683 0.79402985 0.87076941 0.91338506 0.93673073
 0.98546752 0.99521621 0.99435164 0.97756671 0.91881782 0.83386517
 0.80257326 0.82630796 0.83205611 0.90290388]
--aaccuracy_array: [0.95867042 0.92698328 0.8218729  0.87339078 0.9510157  0.95839547
 0.99647568 0.99494112 0.99521585 0.94226465 0.94268294 0.84016922
 0.7852203  0.84821832 0.8309999  0.89975967]
----Avg. Accuracy : 91.039
cost_train: 1.7284972788766026
---------------------------------------------------------------------------

epoch: 44
accuracy_array_train: [0.93381777 0.88939465 0.78982407 0.87282952 0.91989582 0.93908815
 0.98427953 0.99533699 0.99396476 0.97681898 0.91556617 0.82457564
 0.7923827  0.83292792 0.83492729 0.90679426]
--aaccuracy_array: [0.94007203 0.82896309 0.79456662 0.90992144 0.95329653 0.95578673
 0.99482735 0.99549058 0.99604003 0.96179545 0.93456689 0.87073901
 0.83833587 0.86925085 0.86480375 0.88551213]
----Avg. Accuracy : 91.212
cost_train: 1.7239619593601674
---------------------------------------------------------------------------

epoch: 45
accuracy_array_train: [0.93703693 0.89037203 0.78997376 0.8704827  0.91765265 0.93834103
 0.98579096 0.99561714 0.99465311 0.98040242 0.92143258 0.83377378
 0.79886125 0.82930978 0.8297233  0.90709779]
--aaccuracy_array: [0.92589518 0.91338351 0.69958604 0.8945822  0.92023404 0.90364149
 0.99725273 0.99521585 0.99439168 0.98602206 0.90949817 0.80115812
 0.74690145 0.82820407 0.84777968 0.91843548]
----Avg. Accuracy : 89.263
cost_train: 1.7202561364974827
---------------------------------------------------------------------------

