epoch: 0
stage: 2
joints: [(-1, -1), (-1, -1), (-1, -1), (-1, -1), (-1, -1), (-1, -1), (-1, -1), (-1, -1), (-1, -1), (-1, -1), (-1, -1), (-1, -1), (-1, -1), (-1, -1), (-1, -1), (-1, -1)]
valide_iter: 0
---------------------------------------------------------------------------

epoch: 0
stage: 2
joints: [(-1, -1), (-1, -1), (-1, -1), (-1, -1), (-1, -1), (-1, -1), (-1, -1), (-1, -1), (-1, -1), (-1, -1), (-1, -1), (-1, -1), (-1, -1), (-1, -1), (-1, -1), (-1, -1)]
valide_iter: 4
---------------------------------------------------------------------------

epoch: 2
stage: 2
joints: [(-1, -1), (-1, -1), (-1, -1), (-1, -1), (-1, -1), (-1, -1), (-1, -1), (-1, -1), (-1, -1), (-1, -1), (-1, -1), (-1, -1), (-1, -1), (-1, -1), (-1, -1), (-1, -1)]
valide_iter: 0
---------------------------------------------------------------------------

epoch: 2
stage: 2
joints: [(-1, -1), (-1, -1), (-1, -1), (-1, -1), (-1, -1), (-1, -1), (-1, -1), (-1, -1), (-1, -1), (-1, -1), (-1, -1), (-1, -1), (-1, -1), (-1, -1), (-1, -1), (-1, -1)]
valide_iter: 4
---------------------------------------------------------------------------

epoch: 4
stage: 2
joints: [(48, 164), (-1, -1), (-1, -1), (-1, -1), (-1, -1), (-1, -1), (36, 88), (-1, -1), (-1, -1), (220, 136), (160, 164), (-1, -1), (-1, -1), (-1, -1), (-1, -1), (-1, -1)]
valide_iter: 0
---------------------------------------------------------------------------

epoch: 4
stage: 2
joints: [(-1, -1), (-1, -1), (-1, -1), (-1, -1), (-1, -1), (-1, -1), (36, 88), (-1, -1), (-1, -1), (-1, -1), (-1, -1), (-1, -1), (-1, -1), (-1, -1), (-1, -1), (-1, -1)]
valide_iter: 4
---------------------------------------------------------------------------

epoch: 6
stage: 2
joints: [(-1, -1), (-1, -1), (-1, -1), (196, 128), (200, 152), (204, 168), (216, 84), (-1, -1), (-1, -1), (36, 148), (-1, -1), (-1, -1), (-1, -1), (100, 140), (96, 144), (-1, -1)]
valide_iter: 0
---------------------------------------------------------------------------

epoch: 6
stage: 2
joints: [(-1, -1), (-1, -1), (-1, -1), (192, 128), (196, 144), (184, 164), (220, 80), (80, 80), (-1, -1), (40, 164), (-1, -1), (-1, -1), (-1, -1), (-1, -1), (-1, -1), (-1, -1)]
valide_iter: 4
---------------------------------------------------------------------------

epoch: 8
stage: 2
joints: [(-1, -1), (-1, -1), (-1, -1), (212, 124), (216, 148), (216, 160), (216, 80), (-1, -1), (40, 112), (36, 160), (-1, -1), (-1, -1), (-1, -1), (88, 140), (-1, -1), (80, 168)]
valide_iter: 0
---------------------------------------------------------------------------

epoch: 8
stage: 2
joints: [(-1, -1), (-1, -1), (-1, -1), (-1, -1), (-1, -1), (-1, -1), (-1, -1), (-1, -1), (-1, -1), (-1, -1), (-1, -1), (-1, -1), (-1, -1), (-1, -1), (-1, -1), (-1, -1)]
valide_iter: 4
---------------------------------------------------------------------------

epoch: 10
stage: 2
joints: [(200, 168), (200, 148), (-1, -1), (-1, -1), (188, 152), (188, 172), (216, 92), (84, 84), (36, 116), (28, 148), (108, 160), (-1, -1), (-1, -1), (92, 140), (92, 156), (88, 168)]
valide_iter: 0
---------------------------------------------------------------------------

epoch: 10
stage: 2
joints: [(56, 184), (52, 168), (60, 140), (-1, -1), (-1, -1), (84, 172), (40, 96), (160, 76), (-1, -1), (-1, -1), (172, 160), (164, 140), (-1, -1), (-1, -1), (-1, -1), (136, 152)]
valide_iter: 4
---------------------------------------------------------------------------

epoch: 12
stage: 2
joints: [(196, 156), (196, 136), (-1, -1), (208, 124), (208, 140), (212, 160), (216, 72), (76, 84), (32, 140), (-1, -1), (-1, -1), (-1, -1), (-1, -1), (104, 132), (100, 148), (100, 164)]
valide_iter: 0
---------------------------------------------------------------------------

epoch: 12
stage: 2
joints: [(200, 156), (200, 136), (-1, -1), (208, 124), (216, 140), (212, 160), (216, 64), (84, 84), (36, 136), (40, 184), (88, 164), (-1, -1), (-1, -1), (120, 132), (124, 148), (124, 168)]
valide_iter: 4
---------------------------------------------------------------------------

epoch: 14
stage: 2
joints: [(196, 152), (192, 140), (-1, -1), (204, 128), (208, 148), (208, 164), (220, 84), (88, 88), (-1, -1), (-1, -1), (-1, -1), (-1, -1), (-1, -1), (84, 132), (84, 148), (80, 160)]
valide_iter: 0
---------------------------------------------------------------------------

epoch: 14
stage: 2
joints: [(48, 176), (44, 156), (48, 140), (-1, -1), (-1, -1), (-1, -1), (32, 80), (-1, -1), (-1, -1), (-1, -1), (-1, -1), (188, 164), (180, 144), (-1, -1), (-1, -1), (-1, -1)]
valide_iter: 4
---------------------------------------------------------------------------

epoch: 16
stage: 2
joints: [(176, 144), (-1, -1), (-1, -1), (204, 136), (212, 148), (208, 160), (216, 84), (88, 84), (40, 112), (-1, -1), (-1, -1), (-1, -1), (-1, -1), (100, 140), (96, 156), (92, 168)]
valide_iter: 0
---------------------------------------------------------------------------

epoch: 16
stage: 2
joints: [(-1, -1), (92, 164), (-1, -1), (-1, -1), (-1, -1), (-1, -1), (-1, -1), (156, 88), (204, 96), (228, 132), (-1, -1), (168, 140), (168, 128), (-1, -1), (-1, -1), (-1, -1)]
valide_iter: 4
---------------------------------------------------------------------------

epoch: 18
stage: 2
joints: [(-1, -1), (-1, -1), (-1, -1), (200, 140), (200, 148), (200, 164), (212, 112), (-1, -1), (112, 140), (112, 164), (-1, -1), (-1, -1), (-1, -1), (152, 140), (152, 148), (152, 164)]
valide_iter: 0
---------------------------------------------------------------------------

epoch: 18
stage: 2
joints: [(-1, -1), (-1, -1), (-1, -1), (212, 124), (216, 140), (204, 148), (-1, -1), (104, 96), (64, 100), (36, 144), (-1, -1), (-1, -1), (-1, -1), (84, 140), (-1, -1), (60, 152)]
valide_iter: 4
---------------------------------------------------------------------------

epoch: 20
stage: 2
joints: [(72, 184), (64, 164), (68, 148), (-1, -1), (-1, -1), (-1, -1), (36, 88), (172, 72), (216, 116), (216, 144), (164, 160), (164, 144), (164, 124), (-1, -1), (-1, -1), (-1, -1)]
valide_iter: 0
---------------------------------------------------------------------------

epoch: 20
stage: 2
joints: [(180, 140), (-1, -1), (-1, -1), (-1, -1), (204, 136), (-1, -1), (212, 96), (92, 104), (44, 112), (36, 148), (-1, -1), (-1, -1), (-1, -1), (84, 136), (76, 152), (88, 156)]
valide_iter: 4
---------------------------------------------------------------------------

epoch: 22
stage: 2
joints: [(212, 160), (212, 148), (-1, -1), (196, 136), (200, 152), (196, 168), (216, 92), (100, 92), (48, 100), (36, 128), (-1, -1), (-1, -1), (-1, -1), (100, 140), (100, 156), (100, 164)]
valide_iter: 0
---------------------------------------------------------------------------

epoch: 22
stage: 2
joints: [(48, 168), (48, 152), (48, 132), (36, 128), (32, 152), (36, 168), (40, 76), (152, 84), (192, 92), (228, 112), (160, 168), (156, 160), (156, 140), (136, 132), (144, 148), (144, 168)]
valide_iter: 4
---------------------------------------------------------------------------

epoch: 24
stage: 2
joints: [(180, 156), (184, 132), (-1, -1), (216, 112), (216, 136), (216, 164), (216, 52), (76, 92), (40, 128), (40, 192), (64, 188), (-1, -1), (-1, -1), (100, 168), (96, 192), (88, 208)]
valide_iter: 0
---------------------------------------------------------------------------

epoch: 24
stage: 2
joints: [(184, 156), (-1, -1), (-1, -1), (196, 128), (196, 148), (196, 168), (216, 84), (80, 92), (44, 124), (36, 152), (108, 156), (-1, -1), (-1, -1), (100, 132), (100, 152), (96, 168)]
valide_iter: 4
---------------------------------------------------------------------------

epoch: 26
stage: 2
joints: [(192, 192), (192, 172), (196, 148), (168, 156), (168, 172), (172, 192), (216, 84), (80, 56), (44, 108), (36, 148), (108, 156), (108, 132), (-1, -1), (88, 124), (88, 144), (88, 160)]
valide_iter: 0
---------------------------------------------------------------------------

epoch: 26
stage: 2
joints: [(212, 180), (216, 156), (216, 128), (188, 140), (192, 164), (192, 184), (216, 60), (72, 88), (32, 124), (40, 164), (108, 172), (104, 156), (-1, -1), (84, 148), (84, 164), (84, 180)]
valide_iter: 4
---------------------------------------------------------------------------

epoch: 28
stage: 2
joints: [(200, 152), (200, 136), (196, 124), (204, 124), (212, 136), (208, 156), (216, 84), (100, 92), (64, 104), (32, 120), (108, 168), (112, 156), (108, 136), (-1, -1), (116, 152), (116, 168)]
valide_iter: 0
---------------------------------------------------------------------------

epoch: 28
stage: 2
joints: [(64, 164), (60, 148), (60, 132), (36, 132), (36, 144), (36, 160), (36, 76), (176, 84), (216, 132), (212, 176), (156, 168), (152, 152), (152, 132), (-1, -1), (-1, -1), (172, 164)]
valide_iter: 4
---------------------------------------------------------------------------

epoch: 30
stage: 2
joints: [(200, 168), (-1, -1), (-1, -1), (196, 136), (204, 148), (208, 168), (220, 80), (96, 80), (60, 96), (40, 112), (108, 156), (108, 144), (-1, -1), (92, 132), (100, 148), (100, 164)]
valide_iter: 0
---------------------------------------------------------------------------

epoch: 30
stage: 2
joints: [(52, 180), (52, 160), (56, 140), (36, 132), (40, 148), (40, 164), (40, 88), (152, 76), (192, 80), (216, 120), (164, 156), (160, 140), (160, 128), (140, 120), (140, 136), (144, 144)]
valide_iter: 4
---------------------------------------------------------------------------

epoch: 32
stage: 2
joints: [(72, 192), (64, 172), (68, 144), (40, 144), (40, 160), (40, 180), (36, 88), (168, 72), (216, 108), (216, 140), (160, 160), (160, 148), (160, 128), (140, 120), (144, 132), (144, 152)]
valide_iter: 0
---------------------------------------------------------------------------

epoch: 32
stage: 2
joints: [(192, 156), (192, 140), (-1, -1), (204, 128), (204, 144), (200, 160), (216, 76), (76, 80), (36, 128), (36, 168), (104, 152), (108, 132), (-1, -1), (88, 128), (88, 148), (88, 160)]
valide_iter: 4
---------------------------------------------------------------------------

epoch: 34
stage: 2
joints: [(52, 172), (52, 152), (56, 132), (40, 132), (40, 148), (48, 164), (36, 84), (168, 76), (204, 120), (216, 160), (160, 160), (160, 148), (160, 132), (-1, -1), (-1, -1), (148, 156)]
valide_iter: 0
---------------------------------------------------------------------------

epoch: 34
stage: 2
joints: [(204, 180), (208, 160), (208, 132), (-1, -1), (196, 160), (196, 180), (220, 72), (72, 84), (36, 104), (40, 144), (100, 172), (100, 152), (100, 136), (88, 140), (92, 160), (96, 180)]
valide_iter: 4
---------------------------------------------------------------------------

epoch: 36
stage: 2
joints: [(216, 156), (212, 140), (-1, -1), (200, 132), (200, 148), (192, 164), (212, 84), (96, 96), (64, 104), (36, 128), (-1, -1), (-1, -1), (-1, -1), (108, 140), (112, 156), (112, 168)]
valide_iter: 0
---------------------------------------------------------------------------

epoch: 36
stage: 2
joints: [(60, 156), (52, 148), (48, 136), (56, 132), (64, 144), (64, 156), (32, 96), (156, 88), (200, 124), (216, 164), (148, 164), (148, 152), (144, 144), (156, 136), (156, 148), (156, 156)]
valide_iter: 4
---------------------------------------------------------------------------

epoch: 38
stage: 2
joints: [(188, 152), (192, 132), (-1, -1), (204, 112), (208, 132), (212, 152), (216, 68), (84, 84), (36, 140), (44, 184), (104, 164), (-1, -1), (-1, -1), (112, 128), (116, 148), (116, 168)]
valide_iter: 0
---------------------------------------------------------------------------

epoch: 38
stage: 2
joints: [(208, 172), (212, 148), (212, 124), (188, 136), (188, 160), (188, 184), (216, 64), (68, 88), (36, 140), (40, 188), (-1, -1), (-1, -1), (-1, -1), (88, 144), (92, 160), (96, 176)]
valide_iter: 4
---------------------------------------------------------------------------

epoch: 40
stage: 2
joints: [(48, 176), (44, 164), (44, 144), (-1, -1), (-1, -1), (60, 172), (24, 76), (192, 100), (220, 132), (208, 176), (180, 176), (176, 168), (172, 152), (-1, -1), (-1, -1), (148, 160)]
valide_iter: 0
---------------------------------------------------------------------------

epoch: 40
stage: 2
joints: [(56, 164), (52, 148), (52, 132), (44, 128), (36, 140), (40, 156), (36, 92), (156, 88), (196, 104), (216, 156), (132, 160), (136, 148), (132, 136), (152, 128), (152, 144), (152, 160)]
valide_iter: 4
---------------------------------------------------------------------------

epoch: 42
stage: 2
joints: [(56, 168), (52, 152), (56, 132), (-1, -1), (36, 144), (36, 164), (36, 84), (172, 80), (220, 92), (244, 124), (164, 168), (160, 152), (160, 136), (-1, -1), (-1, -1), (172, 156)]
valide_iter: 0
---------------------------------------------------------------------------

epoch: 42
stage: 2
joints: [(44, 156), (44, 140), (48, 124), (-1, -1), (-1, -1), (52, 156), (36, 80), (164, 84), (208, 140), (216, 172), (152, 160), (148, 148), (144, 128), (-1, -1), (-1, -1), (-1, -1)]
valide_iter: 4
---------------------------------------------------------------------------

epoch: 44
stage: 2
joints: [(52, 164), (48, 148), (48, 132), (-1, -1), (-1, -1), (64, 152), (36, 84), (160, 108), (196, 128), (216, 156), (140, 168), (156, 168), (152, 156), (-1, -1), (-1, -1), (-1, -1)]
valide_iter: 0
---------------------------------------------------------------------------

epoch: 44
stage: 2
joints: [(100, 168), (92, 164), (60, 152), (-1, -1), (-1, -1), (-1, -1), (32, 124), (156, 72), (208, 84), (236, 132), (164, 152), (160, 144), (156, 128), (-1, -1), (-1, -1), (-1, -1)]
valide_iter: 4
---------------------------------------------------------------------------

epoch: 46
stage: 2
joints: [(164, 164), (-1, -1), (-1, -1), (196, 140), (196, 160), (184, 164), (216, 132), (104, 84), (52, 88), (36, 112), (-1, -1), (-1, -1), (-1, -1), (96, 132), (88, 148), (80, 160)]
valide_iter: 0
---------------------------------------------------------------------------

epoch: 46
stage: 2
joints: [(188, 192), (196, 168), (200, 156), (-1, -1), (172, 176), (168, 196), (216, 80), (80, 56), (40, 108), (36, 148), (104, 148), (-1, -1), (-1, -1), (88, 120), (88, 136), (88, 156)]
valide_iter: 4
---------------------------------------------------------------------------

epoch: 48
stage: 2
joints: [(208, 164), (204, 140), (196, 120), (212, 124), (212, 140), (212, 156), (216, 72), (96, 92), (48, 140), (40, 180), (108, 180), (108, 164), (108, 144), (128, 144), (132, 160), (136, 176)]
valide_iter: 0
---------------------------------------------------------------------------

epoch: 48
stage: 2
joints: [(184, 160), (184, 140), (188, 124), (200, 136), (200, 152), (196, 168), (216, 84), (76, 84), (40, 108), (36, 136), (108, 156), (104, 140), (100, 128), (80, 136), (80, 152), (76, 164)]
valide_iter: 4
---------------------------------------------------------------------------

epoch: 50
stage: 2
joints: [(48, 156), (48, 140), (52, 120), (-1, -1), (-1, -1), (60, 152), (36, 76), (164, 84), (208, 140), (216, 172), (152, 156), (148, 144), (144, 128), (-1, -1), (-1, -1), (-1, -1)]
valide_iter: 0
---------------------------------------------------------------------------

epoch: 50
stage: 2
joints: [(216, 160), (216, 148), (-1, -1), (204, 136), (200, 156), (204, 168), (216, 80), (80, 88), (44, 116), (32, 148), (96, 164), (96, 148), (-1, -1), (72, 144), (68, 160), (60, 172)]
valide_iter: 4
---------------------------------------------------------------------------

epoch: 52
stage: 2
joints: [(196, 160), (-1, -1), (-1, -1), (200, 128), (192, 148), (184, 168), (212, 76), (88, 80), (36, 132), (36, 168), (-1, -1), (-1, -1), (-1, -1), (100, 136), (96, 156), (96, 172)]
valide_iter: 0
---------------------------------------------------------------------------

epoch: 52
stage: 2
joints: [(64, 172), (56, 156), (60, 140), (-1, -1), (40, 152), (44, 172), (36, 72), (188, 92), (216, 128), (212, 172), (164, 176), (164, 160), (164, 144), (-1, -1), (-1, -1), (152, 168)]
valide_iter: 4
---------------------------------------------------------------------------

