epoch: 0
accuracy_array_train: [0.6632087  0.66682552 0.64766829 0.64655626 0.66962656 0.67190088
 0.68146719 0.74727026 0.70042445 0.66156773 0.70276114 0.66109807
 0.65645885 0.6796915  0.67204258 0.6934323 ]
--aaccuracy_array: [0.74348462 0.72734176 0.6709044  0.74189985 0.78577371 0.76158041
 0.69677763 0.86555018 0.80339907 0.69928318 0.69626451 0.68273954
 0.65045256 0.77776839 0.76932132 0.78506617]
----Avg. Accuracy : 74.110
cost_train: 118.19697751197964
---------------------------------------------------------------------------

epoch: 1
accuracy_array_train: [0.84911813 0.81183642 0.72854145 0.78579502 0.84400446 0.85306986
 0.81757869 0.89808499 0.83859614 0.77533694 0.83859455 0.76694221
 0.75587589 0.77280068 0.78105677 0.83550355]
--aaccuracy_array: [0.90724741 0.91053565 0.83963817 0.83859253 0.89819559 0.91286677
 0.93307577 0.93426591 0.92358309 0.91161972 0.85671046 0.85316071
 0.83152549 0.80610964 0.8052963  0.83908865]
----Avg. Accuracy : 87.509
cost_train: 4.687922328710556
---------------------------------------------------------------------------

epoch: 2
accuracy_array_train: [0.90428412 0.86476272 0.76706709 0.85534572 0.89084073 0.90892479
 0.94318617 0.94899277 0.94597755 0.92992696 0.88381169 0.8127733
 0.79893338 0.79396322 0.80607333 0.87266811]
--aaccuracy_array: [0.91800369 0.88998887 0.79965469 0.82406464 0.87454386 0.89369905
 0.95346917 0.9540595  0.94647276 0.92320052 0.9518311  0.86803083
 0.85481994 0.75510858 0.78010899 0.84528887]
----Avg. Accuracy : 87.702
cost_train: 3.661017455160618
---------------------------------------------------------------------------

epoch: 3
accuracy_array_train: [0.90790098 0.86714469 0.76576892 0.86064488 0.89946123 0.9140318
 0.95635032 0.95936426 0.96191717 0.94376929 0.88927042 0.81792106
 0.80337174 0.79969208 0.80947265 0.87519851]
--aaccuracy_array: [0.92042331 0.9183993  0.74763344 0.91762099 0.95964544 0.95383599
 0.97781974 0.96439184 0.96952337 0.96102831 0.84455259 0.81217943
 0.80575171 0.83286428 0.86478969 0.90431118]
----Avg. Accuracy : 89.717
cost_train: 3.3102293987758458
---------------------------------------------------------------------------

epoch: 4
accuracy_array_train: [0.90687994 0.86703331 0.759186   0.86872905 0.90646535 0.92062354
 0.96380184 0.96708434 0.97028515 0.95440133 0.89163208 0.81337337
 0.79970743 0.80495135 0.81629147 0.88064317]
--aaccuracy_array: [0.95318042 0.93360439 0.85662562 0.90615511 0.9370818  0.96012814
 0.97740474 0.96785884 0.97719921 0.97564605 0.9372379  0.85990275
 0.83186269 0.82500096 0.84132406 0.89366694]
----Avg. Accuracy : 91.461
cost_train: 3.05888634826988
---------------------------------------------------------------------------

epoch: 5
accuracy_array_train: [0.91383628 0.87318809 0.77210143 0.86714802 0.90535736 0.92304388
 0.96769936 0.97066521 0.97425761 0.95809416 0.90054639 0.82799276
 0.80579653 0.80235306 0.81898356 0.88948203]
--aaccuracy_array: [0.92942731 0.93241045 0.84991305 0.84922971 0.87685287 0.90828751
 0.98110048 0.97046652 0.97941901 0.97822171 0.87769538 0.83630686
 0.81086014 0.81932379 0.84006627 0.94611551]
----Avg. Accuracy : 89.910
cost_train: 2.9185938113369048
---------------------------------------------------------------------------

epoch: 6
accuracy_array_train: [0.91526537 0.87376714 0.76404139 0.87708038 0.90993368 0.92772398
 0.96534295 0.97481935 0.9769764  0.95857028 0.89610055 0.81545085
 0.80222911 0.82087774 0.83372859 0.89597259]
--aaccuracy_array: [0.89549591 0.85406563 0.76694901 0.87475953 0.88701983 0.89798516
 0.92423634 0.97290355 0.98047778 0.97426428 0.8941211  0.82478647
 0.81688549 0.84038857 0.83992654 0.93030699]
----Avg. Accuracy : 88.591
cost_train: 2.7631326843984425
---------------------------------------------------------------------------

epoch: 7
accuracy_array_train: [0.91387474 0.87308656 0.76816962 0.87034087 0.90552542 0.92334257
 0.9709616  0.97761896 0.97951005 0.96136953 0.8976146  0.82378488
 0.80841357 0.80885259 0.82298349 0.89190582]
--aaccuracy_array: [0.9473637  0.90093301 0.80598024 0.87121053 0.90100166 0.93333648
 0.97554658 0.97723275 0.97402661 0.92866725 0.92092595 0.86128147
 0.83412157 0.79758884 0.83320402 0.89269885]
----Avg. Accuracy : 89.719
cost_train: 2.605150972492993
---------------------------------------------------------------------------

epoch: 8
accuracy_array_train: [0.92095381 0.8800906  0.7837862  0.87101208 0.91151917 0.9271017
 0.97681474 0.97957563 0.98008865 0.96425145 0.90511341 0.83102834
 0.81320694 0.80798431 0.81836146 0.89448485]
--aaccuracy_array: [0.88130379 0.84093988 0.74907202 0.86514586 0.91654193 0.94692782
 0.97071722 0.98176751 0.97932909 0.93429662 0.87106521 0.80921158
 0.81631412 0.81680508 0.83913906 0.90687208]
----Avg. Accuracy : 88.284
cost_train: 2.5044298726134
---------------------------------------------------------------------------

epoch: 9
accuracy_array_train: [0.91967027 0.88482243 0.7798919  0.87143685 0.90938321 0.92900831
 0.97595259 0.98175519 0.98193899 0.96324943 0.90644496 0.83085577
 0.81308566 0.80790777 0.82499448 0.8974069 ]
--aaccuracy_array: [0.9012541  0.83737837 0.71829444 0.91780099 0.92189158 0.97183895
 0.98506089 0.98261936 0.97902086 0.93342908 0.86662257 0.80474983
 0.76941502 0.87965906 0.88714217 0.90820822]
----Avg. Accuracy : 89.152
cost_train: 2.4000156950205564
---------------------------------------------------------------------------

epoch: 10
accuracy_array_train: [0.92523198 0.88106339 0.78438175 0.87089013 0.91378432 0.93723291
 0.97218788 0.98330447 0.98341581 0.96851774 0.90536315 0.83208667
 0.81380628 0.80916528 0.82391419 0.89883696]
--aaccuracy_array: [0.96758325 0.90282284 0.7682011  0.89594303 0.90859392 0.9462859
 0.97821504 0.98622227 0.98291278 0.93535613 0.90782495 0.83229749
 0.81741759 0.84331046 0.83535817 0.89275233]
----Avg. Accuracy : 90.006
cost_train: 2.310538833029568
---------------------------------------------------------------------------

epoch: 11
accuracy_array_train: [0.92982248 0.88789172 0.78048998 0.87153097 0.91399459 0.9348207
 0.97727071 0.98470962 0.98503347 0.96565863 0.91101825 0.83035446
 0.81237672 0.81267757 0.82363079 0.89808236]
--aaccuracy_array: [0.95177799 0.92047216 0.82442729 0.8659139  0.89629778 0.92013957
 0.98127739 0.98879765 0.97836182 0.97149841 0.93203317 0.83955698
 0.84570469 0.80487424 0.82424839 0.88624497]
----Avg. Accuracy : 90.197
cost_train: 2.238561757374555
---------------------------------------------------------------------------

epoch: 12
accuracy_array_train: [0.92224392 0.88132645 0.7801919  0.87324205 0.91870928 0.93992169
 0.97628526 0.98600576 0.98514922 0.96903508 0.90918884 0.83058917
 0.8134509  0.81386456 0.8272145  0.89719281]
--aaccuracy_array: [0.97057602 0.9415282  0.81363223 0.87319374 0.91627747 0.92285492
 0.95792991 0.98623456 0.98944242 0.98663783 0.92653769 0.84652378
 0.82500818 0.82729264 0.83936253 0.92820473]
----Avg. Accuracy : 90.945
cost_train: 2.193697306327522
---------------------------------------------------------------------------

epoch: 13
accuracy_array_train: [0.92831197 0.88451036 0.78909954 0.87100018 0.91314597 0.93675515
 0.9791308  0.98682855 0.98642669 0.96833765 0.9152618  0.83392008
 0.8156305  0.8098609  0.81996522 0.89940905]
--aaccuracy_array: [0.91965994 0.84730466 0.74047883 0.87291189 0.92182599 0.92594421
 0.95687805 0.98801804 0.98641683 0.97508334 0.91810215 0.7900888
 0.78382857 0.80177149 0.80062498 0.88147147]
----Avg. Accuracy : 88.190
cost_train: 2.1466264347545803
---------------------------------------------------------------------------

epoch: 14
accuracy_array_train: [0.92783377 0.88674531 0.79051786 0.86882416 0.91476283 0.93835852
 0.98036467 0.98761847 0.98723402 0.96900736 0.91305302 0.83750561
 0.81676066 0.81219238 0.82321895 0.90361999]
--aaccuracy_array: [0.87258255 0.85926302 0.76785927 0.82917015 0.89223509 0.89737196
 0.98935504 0.98727538 0.9895055  0.98947681 0.92516679 0.83402495
 0.80472039 0.79133675 0.79120918 0.86809507]
----Avg. Accuracy : 88.054
cost_train: 2.1030695925001055
---------------------------------------------------------------------------

epoch: 15
accuracy_array_train: [0.92820129 0.88451774 0.78998602 0.86787534 0.91407007 0.93217063
 0.97821559 0.98854015 0.9879487  0.97131599 0.91808316 0.83737983
 0.8141103  0.80996617 0.81976076 0.89748246]
--aaccuracy_array: [0.93867512 0.93968092 0.83234562 0.90147559 0.93643372 0.9570481
 0.98489881 0.99044345 0.9897802  0.98815137 0.89751992 0.82922566
 0.80865869 0.86764213 0.86780572 0.88522655]
----Avg. Accuracy : 91.343
cost_train: 2.0534918289631605
---------------------------------------------------------------------------

epoch: 16
accuracy_array_train: [0.93239395 0.88251609 0.78527523 0.87239068 0.91618958 0.94029115
 0.97895188 0.98926611 0.98743679 0.97044267 0.91143653 0.82998939
 0.81082481 0.82227137 0.8350937  0.90741009]
--aaccuracy_array: [0.93936935 0.89171404 0.71345007 0.88240241 0.90524958 0.90522787
 0.99117155 0.98940942 0.98621202 0.97952303 0.82401758 0.75552644
 0.74413908 0.84240991 0.87161046 0.88181616]
----Avg. Accuracy : 88.145
cost_train: 2.0316549034323543
---------------------------------------------------------------------------

epoch: 17
accuracy_array_train: [0.93342239 0.88647768 0.78813273 0.87089543 0.9182278  0.93954898
 0.98053701 0.98963025 0.98922753 0.97166209 0.91504507 0.83198874
 0.81042938 0.81843834 0.83039184 0.90191559]
--aaccuracy_array: [0.9206779  0.90114084 0.86947265 0.87784094 0.93253696 0.95452611
 0.97194496 0.9911226  0.9914463  0.98341438 0.96673176 0.89418799
 0.87001407 0.80192882 0.86988442 0.94488935]
----Avg. Accuracy : 92.136
cost_train: 1.999504498206079
---------------------------------------------------------------------------

epoch: 18
accuracy_array_train: [0.92879231 0.88081355 0.78177169 0.86992714 0.91810246 0.93892158
 0.97921733 0.99041537 0.98971782 0.9711618  0.91389917 0.82659568
 0.80601937 0.82037933 0.82892096 0.89963631]
--aaccuracy_array: [0.90667383 0.83930437 0.69142189 0.90521391 0.91907671 0.95580812
 0.97600524 0.98888753 0.99060437 0.95220686 0.87694131 0.78128494
 0.74841276 0.86000322 0.88641581 0.91673228]
----Avg. Accuracy : 88.718
cost_train: 1.9588367918040603
---------------------------------------------------------------------------

epoch: 19
accuracy_array_train: [0.93482144 0.88593032 0.78188356 0.87060629 0.91270364 0.93666867
 0.97832798 0.99044646 0.99021267 0.97384746 0.91495574 0.83131656
 0.80907364 0.82098661 0.82928784 0.89981393]
--aaccuracy_array: [0.92804675 0.88136923 0.72483367 0.92213975 0.95656866 0.95247155
 0.99275683 0.99306519 0.99034195 0.96790493 0.93070117 0.80181536
 0.76252016 0.90088856 0.92064881 0.9137847 ]
----Avg. Accuracy : 90.874
cost_train: 1.9458742418792099
---------------------------------------------------------------------------

epoch: 20
accuracy_array_train: [0.9319473  0.88958997 0.78725695 0.86715158 0.91515585 0.93860583
 0.98198208 0.99095589 0.9901549  0.97176422 0.91727452 0.8311449
 0.81297879 0.81513305 0.82644319 0.90111833]
--aaccuracy_array: [0.96419312 0.89607705 0.86750051 0.82877441 0.8670806  0.86431198
 0.980551   0.98907162 0.99217437 0.98929563 0.9404563  0.89274727
 0.83277357 0.78305571 0.75941427 0.81391327]
----Avg. Accuracy : 89.133
cost_train: 1.9228356995154172
---------------------------------------------------------------------------

epoch: 21
accuracy_array_train: [0.93500274 0.88507047 0.79111287 0.86800069 0.91581468 0.9371481
 0.98043402 0.99136131 0.99052365 0.97034409 0.92020681 0.83750038
 0.81445991 0.82240086 0.830771   0.8999671 ]
--aaccuracy_array: [0.93956369 0.93712212 0.80065152 0.80715701 0.89557137 0.92055452
 0.99354801 0.98908575 0.99189964 0.96172641 0.93504483 0.85909474
 0.83350286 0.76722345 0.78508218 0.9434416 ]
----Avg. Accuracy : 89.751
cost_train: 1.9136142968200147
---------------------------------------------------------------------------

epoch: 22
accuracy_array_train: [0.93737513 0.88957999 0.78987136 0.87363445 0.9194989  0.9384027
 0.98252203 0.99181192 0.99072771 0.97257694 0.91499643 0.83141116
 0.80981061 0.82368787 0.8298113  0.90767159]
--aaccuracy_array: [0.96017146 0.92913304 0.74501123 0.88734514 0.90393855 0.95231986
 0.99333993 0.99201342 0.99377558 0.96779329 0.89395806 0.80633366
 0.76960194 0.8566318  0.83884472 0.95059782]
----Avg. Accuracy : 90.255
cost_train: 1.8947511597070843
---------------------------------------------------------------------------

epoch: 23
accuracy_array_train: [0.93395121 0.88511925 0.79219381 0.86884313 0.91739682 0.94193436
 0.98212012 0.99212293 0.99133332 0.97301479 0.91799974 0.83033157
 0.81043135 0.81961928 0.82844123 0.90451879]
--aaccuracy_array: [0.94015884 0.92486013 0.88552602 0.82378726 0.9264383  0.92467237
 0.99233711 0.99327327 0.9850181  0.94514818 0.94241114 0.88382767
 0.88360211 0.76465482 0.78475491 0.88834274]
----Avg. Accuracy : 90.555
cost_train: 1.877186270430684
---------------------------------------------------------------------------

epoch: 24
accuracy_array_train: [0.93654874 0.89189183 0.79547271 0.86428403 0.91407029 0.93911655
 0.98216971 0.99245727 0.99207933 0.97370857 0.92002273 0.8398845
 0.81670026 0.81419384 0.82219494 0.89986032]
--aaccuracy_array: [0.89344196 0.86433434 0.68676385 0.87691547 0.92011525 0.95375627
 0.99311234 0.99228816 0.99189965 0.98028407 0.87387964 0.74488926
 0.77286568 0.84931089 0.87232368 0.96670668]
----Avg. Accuracy : 88.955
cost_train: 1.8624373127240688
---------------------------------------------------------------------------

epoch: 25
accuracy_array_train: [0.92918679 0.88257341 0.79032237 0.86867277 0.91631154 0.93829522
 0.98158415 0.99262913 0.99203037 0.9775847  0.92236955 0.83477727
 0.80948535 0.8204298  0.83503193 0.90438918]
--aaccuracy_array: [0.93843062 0.85900633 0.77678239 0.89422414 0.95333262 0.98168941
 0.99482735 0.99388938 0.99333993 0.98328201 0.92723364 0.83902664
 0.80928496 0.86781605 0.88366917 0.93085477]
----Avg. Accuracy : 91.416
cost_train: 1.849100964376703
---------------------------------------------------------------------------

epoch: 26
accuracy_array_train: [0.9372841  0.8874156  0.78885085 0.8673487  0.9128865  0.93480396
 0.98483735 0.99284455 0.99169843 0.97462556 0.92078135 0.82849938
 0.80582721 0.82438905 0.83323441 0.90772869]
--aaccuracy_array: [0.9207646  0.93893129 0.82039727 0.87527886 0.95915699 0.98041643
 0.97740392 0.99421126 0.99193087 0.99350083 0.91075657 0.84561293
 0.79954521 0.81446272 0.81131789 0.91736187]
----Avg. Accuracy : 90.944
cost_train: 1.8353429802227765
---------------------------------------------------------------------------

epoch: 27
accuracy_array_train: [0.93416571 0.88978919 0.79146492 0.86628955 0.91394945 0.94066116
 0.98613683 0.99330096 0.99256569 0.97501902 0.92240582 0.83524824
 0.81025988 0.81911977 0.82740614 0.90397212]
--aaccuracy_array: [0.91122231 0.86357459 0.73087548 0.89326182 0.93733129 0.95364672
 0.99427789 0.99228998 0.99322613 0.98451069 0.9173307  0.80192673
 0.7704004  0.85753675 0.84165107 0.88825154]
----Avg. Accuracy : 89.570
cost_train: 1.826833278639242
---------------------------------------------------------------------------

epoch: 28
accuracy_array_train: [0.93453917 0.89248416 0.79574724 0.86854558 0.92042744 0.94274149
 0.98359583 0.99330245 0.99249923 0.97639472 0.91982568 0.83274886
 0.8073212  0.82595108 0.83163119 0.9069261 ]
--aaccuracy_array: [0.92920366 0.91087326 0.85533994 0.8543935  0.95082858 0.95681335
 0.98539875 0.99443881 0.99338704 0.99333994 0.90340263 0.83428942
 0.84880213 0.82029797 0.76929657 0.8595012 ]
----Avg. Accuracy : 90.372
cost_train: 1.817977762548253
---------------------------------------------------------------------------

epoch: 29
accuracy_array_train: [0.93818912 0.89147539 0.79648709 0.86315002 0.91287295 0.94148181
 0.98468928 0.99360607 0.99314672 0.97705877 0.9264336  0.8366805
 0.81172088 0.82278537 0.83097779 0.9088896 ]
--aaccuracy_array: [0.88938656 0.87981923 0.73431127 0.86246252 0.91100672 0.94576618
 0.97624736 0.99332222 0.9945526  0.97462744 0.94161305 0.79007621
 0.78153241 0.83031228 0.84817927 0.8995672 ]
----Avg. Accuracy : 89.079
cost_train: 1.8088770320173353
---------------------------------------------------------------------------

epoch: 30
accuracy_array_train: [0.93113707 0.88359562 0.78848004 0.86954988 0.91717724 0.94051597
 0.98307425 0.99381177 0.99344352 0.9796357  0.91619521 0.82766425
 0.80467445 0.82777099 0.83243718 0.90397182]
--aaccuracy_array: [0.95739096 0.94079071 0.84761447 0.86375812 0.89330423 0.91370583
 0.99510208 0.99521586 0.99455263 0.99411698 0.94136624 0.8835426
 0.85295026 0.81541263 0.81356357 0.92111573]
----Avg. Accuracy : 91.396
cost_train: 1.7977391914464533
---------------------------------------------------------------------------

epoch: 31
accuracy_array_train: [0.93447519 0.88923743 0.79322144 0.86480085 0.91628454 0.93948251
 0.98246896 0.99404532 0.99288158 0.97626765 0.92161426 0.83439563
 0.80687218 0.82277309 0.82985945 0.90485476]
--aaccuracy_array: [0.92256214 0.88891545 0.80743213 0.85143206 0.91419278 0.9271189
 0.99471353 0.99466643 0.99448596 0.95900466 0.95039928 0.84208222
 0.82334433 0.80051145 0.78671446 0.89478298]
----Avg. Accuracy : 89.702
cost_train: 1.7922345562838018
---------------------------------------------------------------------------

epoch: 32
accuracy_array_train: [0.93347104 0.89007271 0.79511735 0.86585548 0.91657369 0.94075495
 0.98216931 0.99405961 0.99382153 0.9772164  0.92130151 0.83719544
 0.81400187 0.82482826 0.83013638 0.90129376]
--aaccuracy_array: [0.97895254 0.9418484  0.84085448 0.84259667 0.88371253 0.92120266
 0.9822686  0.99426018 0.97894481 0.99411693 0.96725114 0.89788827
 0.8654224  0.79004775 0.76579639 0.87781954]
----Avg. Accuracy : 90.768
cost_train: 1.7844353332184255
---------------------------------------------------------------------------

epoch: 33
accuracy_array_train: [0.93154697 0.87967769 0.78508145 0.86927529 0.91921222 0.94141266
 0.98104964 0.99421839 0.99380742 0.97494682 0.91571847 0.82844362
 0.80527489 0.82863105 0.83455874 0.90722537]
--aaccuracy_array: [0.97426321 0.92574292 0.79695596 0.83935134 0.85101368 0.90706521
 0.97932006 0.99443883 0.99405029 0.99372843 0.89358272 0.8259072
 0.80637133 0.80887724 0.79015756 0.91900873]
----Avg. Accuracy : 89.373
cost_train: 1.7741239012684673
---------------------------------------------------------------------------

epoch: 34
accuracy_array_train: [0.93162451 0.88792578 0.79267807 0.87128144 0.91745136 0.94082517
 0.9847185  0.99444391 0.99344862 0.97587971 0.91928788 0.83330514
 0.80713581 0.82910339 0.8375705  0.91077064]
--aaccuracy_array: [0.92739721 0.89589509 0.79622057 0.86636399 0.92053176 0.93512501
 0.98670712 0.99384224 0.99510205 0.95620818 0.92165063 0.82101285
 0.80658351 0.81951971 0.85610114 0.90358147]
----Avg. Accuracy : 90.011
cost_train: 1.7743511963635683
---------------------------------------------------------------------------

epoch: 35
accuracy_array_train: [0.93610389 0.89354485 0.79509382 0.86829509 0.91715269 0.94404653
 0.98592363 0.9945202  0.99379298 0.97733047 0.92016298 0.83015164
 0.81042549 0.82702928 0.83428572 0.90893985]
--aaccuracy_array: [0.95859341 0.8935163  0.85426921 0.84876533 0.92096196 0.94487444
 0.98895423 0.99212904 0.99487448 0.97788763 0.94657482 0.86298388
 0.8433923  0.82505609 0.86310244 0.90413707]
----Avg. Accuracy : 91.375
cost_train: 1.7715265334118158
---------------------------------------------------------------------------

epoch: 36
accuracy_array_train: [0.93240135 0.8867841  0.79698621 0.8675068  0.91944783 0.94269055
 0.98423777 0.99472116 0.99429078 0.9768412  0.92008679 0.83402354
 0.81182254 0.82431461 0.83264724 0.90282538]
--aaccuracy_array: [0.97448909 0.91039875 0.76923281 0.87935635 0.9284215  0.93436205
 0.98525247 0.99478021 0.97720385 0.98338281 0.90810794 0.79179475
 0.78114963 0.86642547 0.87998034 0.93278247]
----Avg. Accuracy : 90.607
cost_train: 1.7587067291606218
---------------------------------------------------------------------------

epoch: 37
accuracy_array_train: [0.93100978 0.88584428 0.78891134 0.86911683 0.9198498  0.9443618
 0.98437799 0.99475654 0.99407485 0.97717699 0.91618238 0.82953448
 0.80910871 0.82563058 0.83378229 0.90306167]
--aaccuracy_array: [0.88976149 0.88105418 0.79701099 0.87620029 0.92471232 0.92170781
 0.98240922 0.99565151 0.9967033  0.97613916 0.95842701 0.82651103
 0.83137659 0.81097203 0.84436437 0.87401627]
----Avg. Accuracy : 89.918
cost_train: 1.753474872559309
---------------------------------------------------------------------------

epoch: 38
accuracy_array_train: [0.93841604 0.89202328 0.79144072 0.86982294 0.9203699  0.94398093
 0.9829083  0.99497207 0.99394539 0.97933427 0.91607959 0.8283468
 0.80871992 0.8298968  0.83470391 0.90778291]
--aaccuracy_array: [0.94398257 0.88580622 0.82845911 0.86246088 0.91770467 0.94805306
 0.9965895  0.99427788 0.99642858 0.95970774 0.92828594 0.83160533
 0.80684543 0.82813421 0.82876638 0.88488162]
----Avg. Accuracy : 90.262
cost_train: 1.7539661363698542
---------------------------------------------------------------------------

epoch: 39
accuracy_array_train: [0.92838064 0.87828798 0.78990895 0.87541949 0.92041765 0.94104584
 0.98312538 0.99493955 0.99512736 0.97959233 0.92627344 0.8363636
 0.80852874 0.83268243 0.84220678 0.91243508]
--aaccuracy_array: [0.90833417 0.89832364 0.81126176 0.85303563 0.88733102 0.92987341
 0.99482735 0.99576528 0.99587911 0.97717708 0.92389229 0.85538714
 0.82204865 0.80185404 0.78162207 0.93588302]
----Avg. Accuracy : 89.828
cost_train: 1.7550866773817688
---------------------------------------------------------------------------

epoch: 40
accuracy_array_train: [0.93525582 0.88528603 0.78700409 0.87225326 0.92255504 0.94289103
 0.9851808  0.99517012 0.99436173 0.97630408 0.92265673 0.82666617
 0.80115733 0.83256917 0.83593881 0.90835618]
--aaccuracy_array: [0.978062   0.93018839 0.87522316 0.80211085 0.84956455 0.93664844
 0.99608719 0.99421123 0.99537678 0.9865223  0.93739875 0.88948417
 0.884078   0.77625425 0.76350382 0.87876342]
----Avg. Accuracy : 90.459
cost_train: 1.7437429018318653
---------------------------------------------------------------------------

epoch: 41
accuracy_array_train: [0.93234407 0.88048383 0.78593531 0.86931207 0.9193691  0.94354507
 0.98468611 0.99520518 0.9939604  0.98038532 0.91454548 0.82813947
 0.80478728 0.83130072 0.83358093 0.90892905]
--aaccuracy_array: [0.90713993 0.85806182 0.70977291 0.9059599  0.92723858 0.93789898
 0.9803967  0.99482733 0.99741368 0.98366906 0.91188334 0.75267033
 0.73961587 0.84977484 0.89783855 0.94914304]
----Avg. Accuracy : 89.395
cost_train: 1.7312883262056857
---------------------------------------------------------------------------

epoch: 42
accuracy_array_train: [0.93537551 0.89064595 0.80122074 0.86229829 0.91443089 0.9398863
 0.98463556 0.99552026 0.99426595 0.97848281 0.92242477 0.83996216
 0.81896663 0.82130745 0.82532842 0.90155564]
--aaccuracy_array: [0.9773425  0.92796025 0.88533057 0.84479499 0.8850265  0.93398495
 0.98449612 0.99620096 0.99510208 0.97789119 0.94426143 0.89166181
 0.8760009  0.76460019 0.77699929 0.87283783]
----Avg. Accuracy : 90.840
cost_train: 1.7339784153737128
---------------------------------------------------------------------------

epoch: 43
accuracy_array_train: [0.93915574 0.89451369 0.79979946 0.8641396  0.91200602 0.93974361
 0.98494185 0.99548555 0.99492553 0.97995584 0.91563777 0.83430535
 0.81193283 0.82467801 0.82824104 0.90644197]
--aaccuracy_array: [0.87586914 0.86050497 0.76739435 0.88223675 0.91570428 0.95365913
 0.96929477 0.99532963 0.99604005 0.97634074 0.93504192 0.81160063
 0.80812658 0.83606713 0.82853863 0.85999285]
----Avg. Accuracy : 89.198
cost_train: 1.726188003551215
---------------------------------------------------------------------------

epoch: 44
accuracy_array_train: [0.9344361  0.88589041 0.79035592 0.86761967 0.91648789 0.94118365
 0.98438216 0.99552861 0.99494055 0.97749431 0.92208885 0.82816723
 0.80536876 0.83058892 0.83361584 0.90475201]
--aaccuracy_array: [0.98376206 0.89891604 0.826685   0.83870985 0.91928506 0.94717245
 0.97660261 0.99532965 0.9964757  0.99510206 0.9354658  0.84827128
 0.82434513 0.83157378 0.78816956 0.92113265]
----Avg. Accuracy : 90.793
cost_train: 1.7222211598418653
---------------------------------------------------------------------------

epoch: 45
accuracy_array_train: [0.93129291 0.88358252 0.79183863 0.87121371 0.9180056  0.94178747
 0.98566291 0.99565279 0.99483754 0.97979796 0.92091224 0.82793146
 0.80593953 0.83265633 0.83488914 0.90372661]
--aaccuracy_array: [0.91431898 0.90138847 0.85694763 0.9073347  0.93976562 0.98214366
 0.99620096 0.99587911 0.9978022  0.99670328 0.94661334 0.87123707
 0.83472118 0.89837892 0.87713967 0.90622061]
----Avg. Accuracy : 92.642
cost_train: 1.722673197509721
---------------------------------------------------------------------------

epoch: 46
accuracy_array_train: [0.93120399 0.88852705 0.80184285 0.86655334 0.91728258 0.94298305
 0.98426131 0.99579842 0.99478501 0.97790487 0.9184138  0.8316846
 0.8115233  0.83207391 0.83267123 0.90827332]
--aaccuracy_array: [0.94326495 0.89358532 0.84545992 0.86694835 0.89773752 0.94210243
 0.97768441 0.99542393 0.99702515 0.97698596 0.8904936  0.83528221
 0.81936684 0.81354    0.81316085 0.90110514]
----Avg. Accuracy : 90.057
cost_train: 1.7195615018717945
---------------------------------------------------------------------------

epoch: 47
accuracy_array_train: [0.93642039 0.8868026  0.79090832 0.87358604 0.92255645 0.9461651
 0.98420602 0.99603281 0.99550959 0.97603879 0.91264795 0.82683523
 0.80491501 0.83744023 0.84049875 0.90967707]
--aaccuracy_array: [0.94714388 0.93076049 0.81338064 0.8502696  0.90311965 0.89227322
 0.99658948 0.9954906  0.9967033  0.9958791  0.9721604  0.83601043
 0.82271622 0.83663806 0.84227444 0.89055471]
----Avg. Accuracy : 90.762
cost_train: 1.716564112342894
---------------------------------------------------------------------------

epoch: 48
accuracy_array_train: [0.93647815 0.89203743 0.79628684 0.87380087 0.92099667 0.94151593
 0.98552625 0.99602271 0.9958931  0.98067167 0.91599606 0.82814594
 0.80963359 0.83748201 0.83682283 0.91049146]
--aaccuracy_array: [0.96481758 0.96282783 0.84926704 0.83178547 0.87060063 0.88621637
 0.97276939 0.99725273 0.99752747 0.97840236 0.97069147 0.88155173
 0.862003   0.79240726 0.76363727 0.87729943]
----Avg. Accuracy : 90.369
cost_train: 1.7175425386521965
---------------------------------------------------------------------------

epoch: 49
accuracy_array_train: [0.93615433 0.8876652  0.79606479 0.86211073 0.91112051 0.94061318
 0.98558876 0.99607362 0.99587569 0.97875379 0.92158752 0.83394115
 0.81269906 0.82124866 0.8266291  0.90074086]
--aaccuracy_array: [0.94205278 0.88654564 0.78645115 0.82649338 0.89559284 0.93296428
 0.95691603 0.99510206 0.99675043 0.97269909 0.90280409 0.82262038
 0.81167561 0.81411642 0.81613758 0.9055811 ]
----Avg. Accuracy : 89.153
cost_train: 1.70035155210644
---------------------------------------------------------------------------

epoch: 50
accuracy_array_train: [0.94128591 0.89516637 0.79728835 0.86951371 0.92169465 0.94552938
 0.98671819 0.99628529 0.99539388 0.97920485 0.91909101 0.83507789
 0.8131555  0.82547447 0.82997456 0.90511427]
--aaccuracy_array: [0.94320695 0.89883937 0.83688027 0.81505795 0.92224371 0.92841451
 0.99066992 0.99752747 0.996978   0.99713895 0.95476568 0.83853999
 0.8215874  0.78104214 0.79402158 0.87360428]
----Avg. Accuracy : 89.940
cost_train: 1.7111439448781312
---------------------------------------------------------------------------

epoch: 51
accuracy_array_train: [0.93145661 0.88454913 0.79695646 0.87290911 0.92372465 0.94541059
 0.98547724 0.99617344 0.99525023 0.97889147 0.91921307 0.82868625
 0.8077275  0.83499365 0.83871864 0.91355853]
--aaccuracy_array: [0.89815684 0.83118711 0.72695239 0.90157828 0.92515521 0.94588669
 0.9978022  0.99652463 0.99741367 0.97812888 0.92418642 0.83498646
 0.79379888 0.85904101 0.8583978  0.95223877]
----Avg. Accuracy : 90.133
cost_train: 1.7096931710839272
---------------------------------------------------------------------------

epoch: 52
accuracy_array_train: [0.94051745 0.89284933 0.79105707 0.87518495 0.92511609 0.94914244
 0.98534036 0.99627541 0.99552584 0.98171822 0.92040079 0.82764979
 0.80356036 0.83733367 0.84059769 0.91317061]
--aaccuracy_array: [0.91546763 0.79955268 0.71960537 0.87425344 0.93575414 0.95461965
 0.97798917 0.99576531 0.99713893 0.97736253 0.92148684 0.78080976
 0.71801216 0.84356265 0.85463783 0.94753233]
----Avg. Accuracy : 88.834
cost_train: 1.7103251097723842
---------------------------------------------------------------------------

