epoch: 0
accuracy_array_train: [0.93705572 0.89348115 0.80024217 0.87411414 0.91962515 0.94555898
 0.98557514 0.99574051 0.99514677 0.98156054 0.92321926 0.83889991
 0.82116524 0.82857334 0.83556225 0.90475197]
--aaccuracy_array: [0.90856349 0.89519653 0.81855318 0.88002512 0.90921324 0.94761688
 0.96864134 0.99592625 0.9946664  0.97610019 0.90364848 0.85558905
 0.82654779 0.80406225 0.84720123 0.89073312]
----Avg. Accuracy : 90.139
cost_train: 1.756736145587638
---------------------------------------------------------------------------

epoch: 1
accuracy_array_train: [0.93256029 0.88088908 0.78342336 0.86968464 0.91921033 0.9442764
 0.98543433 0.99574623 0.994656   0.97830508 0.91495991 0.82523242
 0.80448938 0.82667941 0.83272287 0.90371368]
--aaccuracy_array: [0.88889258 0.89978851 0.82592027 0.85099287 0.88874574 0.89896667
 0.96411502 0.99498829 0.99631475 0.97189511 0.89849734 0.83976714
 0.84119055 0.80055845 0.79866973 0.91099973]
----Avg. Accuracy : 89.189
cost_train: 1.7195678984280676
---------------------------------------------------------------------------

epoch: 2
accuracy_array_train: [0.93295568 0.8802945  0.78381174 0.87403808 0.91987222 0.94213709
 0.9835     0.9956505  0.99524747 0.98269843 0.91350093 0.8244202
 0.80189381 0.83146103 0.83712139 0.90795298]
--aaccuracy_array: [0.977301   0.94597076 0.85037485 0.86812958 0.93791233 0.93692896
 0.98007812 0.99576531 0.99592623 0.98673625 0.9082828  0.85480943
 0.82369375 0.82564843 0.81897791 0.91034476]
----Avg. Accuracy : 91.355
cost_train: 1.7269105662126094
---------------------------------------------------------------------------

epoch: 3
accuracy_array_train: [0.92946131 0.88131916 0.78840146 0.87465617 0.92255636 0.9445493
 0.98489338 0.99598104 0.99544147 0.97937014 0.92301484 0.83161511
 0.80909482 0.82923859 0.83629031 0.9053817 ]
--aaccuracy_array: [0.94456942 0.91369279 0.80874009 0.89276163 0.92851166 0.98319353
 0.98608528 0.99620096 0.99642855 0.97949627 0.88769762 0.82676966
 0.78512901 0.85555843 0.83908276 0.91875438]
----Avg. Accuracy : 90.891
cost_train: 1.7177357911132276
---------------------------------------------------------------------------

epoch: 4
accuracy_array_train: [0.93587223 0.88697129 0.78951299 0.87446559 0.92032175 0.94307342
 0.98797586 0.9959803  0.9952959  0.97897756 0.92175381 0.82922596
 0.81053587 0.8322832  0.83779674 0.91105093]
--aaccuracy_array: [0.96420071 0.94585271 0.84929051 0.83510496 0.85873404 0.91862462
 0.99823783 0.99713895 0.99862637 0.99752747 0.95286627 0.88167083
 0.88894835 0.81784186 0.80483143 0.81581341]
----Avg. Accuracy : 90.783
cost_train: 1.717197202378884
---------------------------------------------------------------------------

epoch: 5
accuracy_array_train: [0.93591787 0.89087524 0.793368   0.87400491 0.92216167 0.94608682
 0.98298603 0.99619737 0.99590281 0.98165268 0.91635923 0.82928499
 0.80956616 0.83312175 0.83955554 0.90621311]
--aaccuracy_array: [0.92707582 0.90975276 0.77353653 0.90167439 0.94285771 0.97277921
 0.98280925 0.99631476 0.99631478 0.97641887 0.89215656 0.81196949
 0.79721069 0.86033289 0.8609574  0.92374632]
----Avg. Accuracy : 90.786
cost_train: 1.7126652305014431
---------------------------------------------------------------------------

epoch: 6
accuracy_array_train: [0.93531182 0.88929814 0.79737149 0.87519325 0.9183314  0.94303338
 0.9829627  0.9963302  0.99574525 0.97890613 0.92359834 0.83607852
 0.81119086 0.8368607  0.83795537 0.90617911]
--aaccuracy_array: [0.99631478 0.92517833 0.82011762 0.81349041 0.88719629 0.90121
 0.99796313 0.99615385 0.9967033  0.98629718 0.94376116 0.85972127
 0.82638942 0.75890937 0.75179468 0.87339884]
----Avg. Accuracy : 89.591
cost_train: 1.707524293800816
---------------------------------------------------------------------------

epoch: 7
accuracy_array_train: [0.93510894 0.88917294 0.78764797 0.87485956 0.92530165 0.94753745
 0.98683981 0.99645309 0.99640293 0.97826567 0.9173559  0.83078046
 0.80394541 0.83374553 0.83831858 0.90856794]
--aaccuracy_array: [0.90456516 0.8675655  0.83894221 0.87313943 0.94939308 0.94341996
 0.97340584 0.99604002 0.99713893 0.95962095 0.93506435 0.85152224
 0.82703403 0.78915474 0.81781004 0.90248063]
----Avg. Accuracy : 90.164
cost_train: 1.7015718610491604
---------------------------------------------------------------------------

epoch: 8
accuracy_array_train: [0.93429206 0.88318055 0.78439244 0.88272163 0.92898094 0.94820881
 0.98518101 0.99636018 0.99573738 0.97829073 0.91987859 0.82439136
 0.80447382 0.83832043 0.84584955 0.91357937]
--aaccuracy_array: [0.92887388 0.9110647  0.8370834  0.828218   0.89027625 0.92890048
 0.97714889 0.99631475 0.99835165 0.9964757  0.89025077 0.83162765
 0.82441172 0.7872473  0.78108226 0.81689702]
----Avg. Accuracy : 88.901
cost_train: 1.7032313148956746
---------------------------------------------------------------------------

