epoch: 0
stage: 2
joints: [(-1, -1), (-1, -1), (-1, -1), (-1, -1), (-1, -1), (-1, -1), (-1, -1), (-1, -1), (-1, -1), (-1, -1), (-1, -1), (-1, -1), (-1, -1), (-1, -1), (-1, -1), (-1, -1)]
valide_iter: 0
---------------------------------------------------------------------------

epoch: 0
stage: 2
joints: [(-1, -1), (-1, -1), (-1, -1), (-1, -1), (-1, -1), (-1, -1), (-1, -1), (-1, -1), (-1, -1), (-1, -1), (-1, -1), (-1, -1), (-1, -1), (-1, -1), (-1, -1), (-1, -1)]
valide_iter: 4
---------------------------------------------------------------------------

epoch: 3
stage: 2
joints: [(-1, -1), (-1, -1), (-1, -1), (-1, -1), (-1, -1), (-1, -1), (-1, -1), (-1, -1), (-1, -1), (-1, -1), (-1, -1), (-1, -1), (-1, -1), (-1, -1), (-1, -1), (-1, -1)]
valide_iter: 0
---------------------------------------------------------------------------

epoch: 3
stage: 2
joints: [(-1, -1), (-1, -1), (-1, -1), (-1, -1), (-1, -1), (-1, -1), (-1, -1), (-1, -1), (-1, -1), (-1, -1), (-1, -1), (-1, -1), (-1, -1), (-1, -1), (-1, -1), (-1, -1)]
valide_iter: 4
---------------------------------------------------------------------------

epoch: 6
stage: 2
joints: [(-1, -1), (-1, -1), (-1, -1), (-1, -1), (-1, -1), (-1, -1), (40, 136), (-1, -1), (-1, -1), (-1, -1), (-1, -1), (-1, -1), (-1, -1), (-1, -1), (-1, -1), (-1, -1)]
valide_iter: 0
---------------------------------------------------------------------------

epoch: 6
stage: 2
joints: [(-1, -1), (-1, -1), (-1, -1), (-1, -1), (196, 148), (-1, -1), (220, 92), (-1, -1), (-1, -1), (-1, -1), (-1, -1), (-1, -1), (-1, -1), (-1, -1), (-1, -1), (-1, -1)]
valide_iter: 4
---------------------------------------------------------------------------

epoch: 9
stage: 2
joints: [(52, 164), (52, 148), (52, 132), (-1, -1), (-1, -1), (-1, -1), (40, 72), (-1, -1), (208, 128), (212, 176), (156, 160), (156, 152), (152, 140), (-1, -1), (-1, -1), (-1, -1)]
valide_iter: 0
---------------------------------------------------------------------------

epoch: 9
stage: 2
joints: [(212, 172), (-1, -1), (-1, -1), (184, 132), (-1, -1), (-1, -1), (-1, -1), (-1, -1), (36, 136), (-1, -1), (112, 168), (-1, -1), (-1, -1), (-1, -1), (76, 156), (72, 180)]
valide_iter: 4
---------------------------------------------------------------------------

epoch: 12
stage: 2
joints: [(-1, -1), (52, 152), (60, 136), (-1, -1), (-1, -1), (-1, -1), (36, 80), (200, 80), (244, 108), (-1, -1), (168, 172), (172, 160), (168, 140), (-1, -1), (-1, -1), (-1, -1)]
valide_iter: 0
---------------------------------------------------------------------------

epoch: 12
stage: 2
joints: [(68, 176), (60, 160), (68, 148), (40, 140), (40, 156), (40, 168), (32, 84), (-1, -1), (216, 108), (216, 148), (176, 160), (168, 144), (168, 132), (-1, -1), (-1, -1), (-1, -1)]
valide_iter: 4
---------------------------------------------------------------------------

epoch: 15
stage: 2
joints: [(180, 172), (-1, -1), (-1, -1), (-1, -1), (200, 164), (200, 172), (208, 148), (132, 128), (80, 128), (-1, -1), (-1, -1), (-1, -1), (-1, -1), (116, 156), (112, 168), (-1, -1)]
valide_iter: 0
---------------------------------------------------------------------------

epoch: 15
stage: 2
joints: [(176, 156), (176, 132), (-1, -1), (200, 108), (204, 132), (204, 152), (196, 60), (80, 72), (40, 132), (40, 180), (-1, -1), (-1, -1), (-1, -1), (124, 132), (128, 152), (128, 172)]
valide_iter: 4
---------------------------------------------------------------------------

epoch: 18
stage: 2
joints: [(-1, -1), (48, 156), (-1, -1), (-1, -1), (-1, -1), (-1, -1), (28, 132), (140, 108), (176, 104), (-1, -1), (-1, -1), (160, 152), (-1, -1), (-1, -1), (-1, -1), (-1, -1)]
valide_iter: 0
---------------------------------------------------------------------------

epoch: 18
stage: 2
joints: [(-1, -1), (-1, -1), (-1, -1), (204, 140), (216, 152), (216, 164), (212, 80), (80, 96), (48, 116), (36, 144), (84, 152), (-1, -1), (-1, -1), (96, 140), (100, 156), (104, 168)]
valide_iter: 4
---------------------------------------------------------------------------

epoch: 21
stage: 2
joints: [(52, 164), (48, 144), (44, 124), (-1, -1), (68, 136), (76, 152), (32, 80), (156, 84), (192, 120), (216, 164), (136, 176), (136, 164), (132, 148), (160, 136), (160, 152), (168, 160)]
valide_iter: 0
---------------------------------------------------------------------------

epoch: 21
stage: 2
joints: [(52, 176), (52, 160), (56, 136), (40, 136), (40, 152), (40, 168), (36, 80), (152, 72), (200, 80), (216, 112), (160, 160), (160, 140), (160, 124), (148, 120), (144, 132), (144, 148)]
valide_iter: 4
---------------------------------------------------------------------------

epoch: 24
stage: 2
joints: [(124, 168), (112, 168), (88, 160), (-1, -1), (-1, -1), (-1, -1), (36, 144), (168, 84), (216, 88), (-1, -1), (176, 160), (176, 144), (172, 132), (-1, -1), (-1, -1), (-1, -1)]
valide_iter: 0
---------------------------------------------------------------------------

epoch: 24
stage: 2
joints: [(44, 156), (44, 140), (48, 128), (-1, -1), (56, 140), (56, 156), (36, 88), (160, 92), (200, 124), (216, 148), (144, 164), (140, 152), (136, 132), (-1, -1), (-1, -1), (-1, -1)]
valide_iter: 4
---------------------------------------------------------------------------

epoch: 27
stage: 2
joints: [(184, 156), (188, 140), (-1, -1), (212, 116), (216, 136), (216, 156), (200, 56), (80, 80), (36, 136), (52, 192), (100, 172), (-1, -1), (-1, -1), (116, 140), (112, 160), (116, 180)]
valide_iter: 0
---------------------------------------------------------------------------

epoch: 27
stage: 2
joints: [(36, 184), (40, 156), (48, 136), (-1, -1), (-1, -1), (48, 176), (36, 68), (176, 84), (212, 108), (216, 144), (172, 180), (172, 160), (176, 140), (-1, -1), (-1, -1), (136, 168)]
valide_iter: 4
---------------------------------------------------------------------------

epoch: 30
stage: 2
joints: [(60, 176), (60, 156), (60, 136), (44, 132), (44, 148), (44, 164), (36, 88), (164, 80), (212, 96), (216, 124), (168, 168), (172, 152), (168, 132), (148, 124), (148, 140), (148, 156)]
valide_iter: 0
---------------------------------------------------------------------------

epoch: 30
stage: 2
joints: [(204, 164), (204, 144), (-1, -1), (188, 140), (192, 152), (192, 172), (216, 88), (92, 84), (48, 104), (36, 140), (112, 148), (112, 132), (112, 124), (100, 128), (100, 144), (100, 160)]
valide_iter: 4
---------------------------------------------------------------------------

epoch: 33
stage: 2
joints: [(180, 172), (-1, -1), (-1, -1), (184, 140), (192, 160), (188, 176), (216, 96), (76, 80), (36, 120), (40, 160), (108, 148), (-1, -1), (-1, -1), (92, 128), (92, 148), (84, 160)]
valide_iter: 0
---------------------------------------------------------------------------

epoch: 33
stage: 2
joints: [(56, 168), (52, 148), (52, 132), (-1, -1), (68, 140), (72, 156), (40, 80), (192, 84), (240, 140), (244, 164), (172, 168), (172, 156), (172, 140), (-1, -1), (-1, -1), (-1, -1)]
valide_iter: 4
---------------------------------------------------------------------------

epoch: 36
stage: 2
joints: [(204, 164), (208, 148), (-1, -1), (192, 140), (196, 160), (188, 176), (216, 88), (92, 64), (60, 68), (-1, -1), (104, 132), (-1, -1), (-1, -1), (88, 112), (92, 128), (88, 144)]
valide_iter: 0
---------------------------------------------------------------------------

epoch: 36
stage: 2
joints: [(-1, -1), (-1, -1), (-1, -1), (196, 140), (204, 156), (208, 168), (196, 100), (104, 100), (76, 88), (-1, -1), (108, 156), (-1, -1), (-1, -1), (96, 136), (96, 152), (100, 164)]
valide_iter: 4
---------------------------------------------------------------------------

epoch: 39
stage: 2
joints: [(216, 132), (204, 124), (196, 120), (-1, -1), (200, 132), (208, 140), (188, 104), (96, 108), (-1, -1), (36, 140), (104, 148), (-1, -1), (-1, -1), (108, 128), (112, 144), (124, 144)]
valide_iter: 0
---------------------------------------------------------------------------

epoch: 39
stage: 2
joints: [(88, 180), (80, 168), (80, 148), (60, 148), (60, 168), (68, 180), (36, 108), (156, 68), (196, 76), (216, 108), (172, 144), (168, 128), (168, 116), (-1, -1), (-1, -1), (148, 136)]
valide_iter: 4
---------------------------------------------------------------------------

epoch: 42
stage: 2
joints: [(212, 172), (216, 152), (212, 132), (204, 136), (208, 152), (212, 172), (212, 80), (100, 84), (60, 88), (28, 108), (108, 168), (112, 148), (112, 132), (92, 140), (100, 156), (92, 172)]
valide_iter: 0
---------------------------------------------------------------------------

epoch: 42
stage: 2
joints: [(208, 168), (212, 148), (212, 132), (200, 132), (200, 156), (192, 172), (216, 76), (76, 88), (36, 136), (36, 180), (120, 164), (112, 152), (112, 136), (88, 136), (92, 156), (92, 176)]
valide_iter: 4
---------------------------------------------------------------------------

epoch: 45
stage: 2
joints: [(-1, -1), (-1, -1), (-1, -1), (204, 136), (204, 148), (204, 160), (216, 88), (104, 88), (64, 96), (36, 112), (108, 156), (112, 140), (-1, -1), (96, 132), (100, 152), (100, 160)]
valide_iter: 0
---------------------------------------------------------------------------

epoch: 45
stage: 2
joints: [(48, 172), (48, 156), (52, 132), (-1, -1), (68, 144), (72, 160), (36, 80), (196, 92), (216, 136), (208, 176), (188, 176), (180, 156), (180, 140), (-1, -1), (-1, -1), (156, 164)]
valide_iter: 4
---------------------------------------------------------------------------

epoch: 48
stage: 2
joints: [(168, 192), (176, 168), (-1, -1), (192, 156), (192, 180), (188, 200), (204, 108), (52, 108), (16, 156), (24, 192), (-1, -1), (-1, -1), (-1, -1), (72, 160), (76, 176), (76, 196)]
valide_iter: 0
---------------------------------------------------------------------------

epoch: 48
stage: 2
joints: [(184, 168), (192, 148), (188, 132), (200, 144), (208, 160), (208, 176), (216, 88), (72, 76), (40, 112), (36, 136), (108, 144), (108, 136), (108, 120), (80, 124), (80, 140), (72, 156)]
valide_iter: 4
---------------------------------------------------------------------------

epoch: 51
stage: 2
joints: [(184, 160), (-1, -1), (-1, -1), (200, 136), (212, 152), (212, 164), (216, 92), (92, 84), (52, 116), (36, 160), (88, 156), (-1, -1), (-1, -1), (104, 144), (100, 156), (100, 168)]
valide_iter: 0
---------------------------------------------------------------------------

epoch: 51
stage: 2
joints: [(-1, -1), (-1, -1), (-1, -1), (164, 160), (136, 168), (116, 172), (220, 144), (80, 80), (36, 96), (12, 144), (-1, -1), (-1, -1), (-1, -1), (92, 136), (88, 148), (84, 164)]
valide_iter: 4
---------------------------------------------------------------------------

epoch: 54
stage: 2
joints: [(40, 172), (44, 156), (44, 136), (-1, -1), (64, 148), (68, 164), (36, 88), (160, 80), (212, 108), (216, 156), (152, 168), (152, 156), (140, 136), (-1, -1), (-1, -1), (164, 156)]
valide_iter: 0
---------------------------------------------------------------------------

epoch: 54
stage: 2
joints: [(164, 152), (172, 136), (-1, -1), (196, 136), (196, 152), (192, 168), (216, 92), (68, 88), (40, 120), (40, 152), (-1, -1), (-1, -1), (-1, -1), (88, 136), (88, 152), (96, 164)]
valide_iter: 4
---------------------------------------------------------------------------

