epoch: 0
accuracy_array_train: [0.68327467 0.66906196 0.63957128 0.65868982 0.67671149 0.68030971
 0.68348207 0.75762676 0.70297945 0.65560708 0.69321079 0.65490864
 0.63850049 0.66254477 0.6708223  0.69821531]
--aaccuracy_array: [0.82050516 0.77571948 0.73107735 0.72512066 0.77229893 0.74873307
 0.70693207 0.86064526 0.75944485 0.67358695 0.75950734 0.72146695
 0.71804884 0.68816451 0.67300856 0.76066212]
----Avg. Accuracy : 74.343
cost_train: 123.8151639457792
---------------------------------------------------------------------------

epoch: 1
accuracy_array_train: [0.84635344 0.80969115 0.7320001  0.79306158 0.83738663 0.85060773
 0.81947274 0.8972217  0.83874206 0.79812728 0.81486394 0.75132686
 0.73505515 0.76603637 0.77199826 0.82868092]
--aaccuracy_array: [0.86271985 0.82531634 0.65435189 0.85470574 0.87909512 0.90605001
 0.92919639 0.94101182 0.93494695 0.88474888 0.86688371 0.77842771
 0.73987915 0.79668719 0.80082498 0.89137597]
----Avg. Accuracy : 84.663
cost_train: 4.742921432480216
---------------------------------------------------------------------------

epoch: 2
accuracy_array_train: [0.89402569 0.85403572 0.75637069 0.85628762 0.89140183 0.90845915
 0.94308929 0.94674192 0.94562399 0.92791836 0.88258369 0.80628375
 0.79295495 0.79766872 0.80759352 0.86862591]
--aaccuracy_array: [0.85767603 0.84969418 0.74994567 0.82845013 0.86411807 0.90031442
 0.94764134 0.9451524  0.9594733  0.91746576 0.90451188 0.81197049
 0.81419714 0.74236488 0.73393679 0.81619883]
----Avg. Accuracy : 85.269
cost_train: 3.690828719176352
---------------------------------------------------------------------------

epoch: 3
accuracy_array_train: [0.90456942 0.864263   0.76556415 0.8623666  0.89436013 0.91227008
 0.95920145 0.95653128 0.96121526 0.94381315 0.88717334 0.81289702
 0.8021111  0.80038908 0.80763596 0.87666002]
--aaccuracy_array: [0.92733707 0.92051439 0.82063127 0.87353712 0.90094857 0.93331362
 0.97177508 0.95878151 0.96232648 0.95928946 0.85072649 0.80328128
 0.81444253 0.82406527 0.84008241 0.9108008 ]
----Avg. Accuracy : 89.199
cost_train: 3.328627143986523
---------------------------------------------------------------------------

epoch: 4
accuracy_array_train: [0.90472372 0.8647026  0.77043934 0.86480691 0.8993255  0.91536219
 0.96397615 0.96374609 0.96802678 0.9521369  0.89336515 0.81922822
 0.80514145 0.80064131 0.80935715 0.88131216]
--aaccuracy_array: [0.9174387  0.89440379 0.80366594 0.87815797 0.9210712  0.92766519
 0.96183661 0.96699269 0.97175097 0.94948059 0.87251967 0.8170712
 0.79698354 0.79816364 0.79849625 0.92003414]
----Avg. Accuracy : 88.723
cost_train: 3.1146860332228243
---------------------------------------------------------------------------

epoch: 5
accuracy_array_train: [0.91478096 0.87555111 0.77269884 0.86634748 0.90513193 0.92145518
 0.96652278 0.9689539  0.97231062 0.95770102 0.89403598 0.82053907
 0.80807499 0.8050068  0.81482304 0.88378043]
--aaccuracy_array: [0.8931545  0.79913409 0.70655852 0.87841353 0.90388142 0.91688073
 0.97319363 0.97184606 0.97448406 0.97478749 0.88003157 0.79531384
 0.77518061 0.79850405 0.78149289 0.79522537]
----Avg. Accuracy : 86.363
cost_train: 2.939834827557206
---------------------------------------------------------------------------

epoch: 6
accuracy_array_train: [0.91084942 0.87196417 0.77560055 0.86738465 0.90572169 0.92454813
 0.96673428 0.9730576  0.97612317 0.96065679 0.89894507 0.82428152
 0.80876406 0.80391217 0.81463281 0.88948561]
--aaccuracy_array: [0.92028521 0.89548905 0.83116375 0.86390726 0.89563482 0.90829016
 0.93279392 0.9687514  0.97659068 0.95973898 0.87100916 0.83054125
 0.81756136 0.81259519 0.84507468 0.88188738]
----Avg. Accuracy : 88.820
cost_train: 2.7840400906279683
---------------------------------------------------------------------------

epoch: 7
accuracy_array_train: [0.9173503  0.86803958 0.76668791 0.87322065 0.90477834 0.92487438
 0.96986152 0.97557559 0.9788288  0.95960078 0.89678043 0.82087978
 0.80403777 0.81081307 0.82250309 0.8933109 ]
--aaccuracy_array: [0.94263826 0.89105657 0.79465576 0.87814674 0.89784421 0.90302511
 0.9849782  0.97698927 0.98421851 0.97788483 0.90771885 0.82943667
 0.81641012 0.80631149 0.82552826 0.92130661]
----Avg. Accuracy : 89.613
cost_train: 2.6438163900747895
---------------------------------------------------------------------------

epoch: 8
accuracy_array_train: [0.92029872 0.87716325 0.78097047 0.87192586 0.90755117 0.92746675
 0.97319001 0.97836587 0.98025756 0.96455709 0.90137942 0.82645835
 0.809888   0.81175382 0.8245044  0.89639419]
--aaccuracy_array: [0.91560479 0.86736293 0.75997624 0.84807168 0.87766969 0.91708416
 0.97721957 0.97239676 0.9821147  0.95756298 0.86600399 0.81794873
 0.80012403 0.77527353 0.8105652  0.86089234]
----Avg. Accuracy : 87.536
cost_train: 2.525165218859911
---------------------------------------------------------------------------

epoch: 9
accuracy_array_train: [0.92080878 0.87700794 0.77155832 0.8776065  0.91309833 0.93330567
 0.97594058 0.98002517 0.98194673 0.96472946 0.90445408 0.82285306
 0.8065146  0.82132654 0.82883766 0.90145206]
--aaccuracy_array: [0.98332712 0.88307413 0.82694231 0.87903103 0.878363   0.92314723
 0.96305393 0.97910783 0.98340897 0.96118151 0.95404558 0.8738912
 0.83163574 0.83281718 0.85639413 0.91076142]
----Avg. Accuracy : 90.751
cost_train: 2.4086676239967346
---------------------------------------------------------------------------

epoch: 10
accuracy_array_train: [0.92928974 0.88715124 0.776235   0.87089694 0.91128038 0.93293905
 0.97347324 0.98155638 0.98307706 0.96715292 0.89893899 0.82311291
 0.80769258 0.81111723 0.82325174 0.89710404]
--aaccuracy_array: [0.90547137 0.82628115 0.73518413 0.90630829 0.91944662 0.93752228
 0.97032791 0.98199368 0.97953352 0.96057966 0.90039521 0.79139243
 0.7899525  0.86129867 0.88299683 0.93710235]
----Avg. Accuracy : 89.286
cost_train: 2.3184286314062774
---------------------------------------------------------------------------

epoch: 11
accuracy_array_train: [0.92181746 0.87980584 0.77904288 0.86973115 0.90957666 0.93024126
 0.97643959 0.98307535 0.98439199 0.96803347 0.91326941 0.8315603
 0.8151784  0.81182762 0.82217723 0.89475777]
--aaccuracy_array: [0.94995138 0.87405576 0.78251104 0.89810289 0.9344718  0.96416984
 0.98870158 0.9836541  0.98444921 0.94364475 0.9507052  0.83624062
 0.82265201 0.84840254 0.88889548 0.94089995]
----Avg. Accuracy : 91.196
cost_train: 2.2617490547709167
---------------------------------------------------------------------------

epoch: 12
accuracy_array_train: [0.92324186 0.87796865 0.78020691 0.87247444 0.91151219 0.93237373
 0.97577685 0.9843556  0.98456416 0.97094702 0.90550596 0.82792555
 0.81100199 0.81495682 0.82952705 0.90015997]
--aaccuracy_array: [0.94805358 0.87189311 0.76433891 0.86522064 0.90281843 0.93996094
 0.96650627 0.98641805 0.98782349 0.94682643 0.91769125 0.81747404
 0.79655017 0.77025329 0.74498634 0.88254994]
----Avg. Accuracy : 88.183
cost_train: 2.203939982689917
---------------------------------------------------------------------------

epoch: 13
accuracy_array_train: [0.93064363 0.88254138 0.78521683 0.87087404 0.911326   0.93566659
 0.97747892 0.98542302 0.98597489 0.96800945 0.91083266 0.8329485
 0.81606811 0.81173917 0.82455062 0.89980245]
--aaccuracy_array: [0.93576486 0.92072615 0.86066361 0.82683529 0.86458056 0.89344984
 0.95481056 0.98701522 0.98466596 0.97421816 0.97316666 0.89330439
 0.89304999 0.77791306 0.78489998 0.88043709]
----Avg. Accuracy : 90.034
cost_train: 2.1453799195587635
---------------------------------------------------------------------------

epoch: 14
accuracy_array_train: [0.9282722  0.88484373 0.78334355 0.87369446 0.91654801 0.93639878
 0.9777773  0.98661109 0.98605402 0.96986487 0.90928698 0.82916786
 0.81000349 0.82142193 0.83274478 0.90121573]
--aaccuracy_array: [0.97143801 0.92908219 0.76272999 0.88952166 0.90652564 0.93714821
 0.98887527 0.98519935 0.98751032 0.97220643 0.91069472 0.85441403
 0.79915416 0.8501534  0.84455322 0.89901203]
----Avg. Accuracy : 90.551
cost_train: 2.1073065199889243
---------------------------------------------------------------------------

epoch: 15
accuracy_array_train: [0.92920897 0.87954945 0.78438034 0.87376843 0.92032942 0.94087026
 0.97857321 0.9875293  0.98692407 0.97294372 0.9177304  0.83296464
 0.81214965 0.82007864 0.8346732  0.9059781 ]
--aaccuracy_array: [0.93937701 0.92221862 0.82964911 0.87754785 0.88630435 0.94682416
 0.97989188 0.98904549 0.98643576 0.96845399 0.9085284  0.86369514
 0.84289512 0.81647569 0.83271132 0.86539948]
----Avg. Accuracy : 90.346
cost_train: 2.0738481180742383
---------------------------------------------------------------------------

epoch: 16
accuracy_array_train: [0.92764248 0.88048998 0.77884576 0.87058463 0.91779573 0.93937727
 0.97881913 0.98817296 0.9880427  0.97271643 0.91035107 0.82780681
 0.81016631 0.81700545 0.82776633 0.89995053]
--aaccuracy_array: [0.95709252 0.94142884 0.81195775 0.89123437 0.92588858 0.94207716
 0.97834156 0.9894768  0.99032307 0.9899099  0.89974475 0.85433465
 0.83239639 0.83673225 0.87058897 0.93137413]
----Avg. Accuracy : 91.518
cost_train: 2.02917174436152
---------------------------------------------------------------------------

epoch: 17
accuracy_array_train: [0.93557493 0.88617046 0.78153069 0.87153779 0.91641065 0.93893575
 0.97875037 0.98829991 0.98836865 0.97177175 0.91308852 0.82285049
 0.810065   0.81856294 0.82828249 0.89363267]
--aaccuracy_array: [0.88220917 0.83861412 0.71868468 0.86699313 0.92504255 0.95100473
 0.96403489 0.99073587 0.99053951 0.95553763 0.89029317 0.77426877
 0.79018061 0.79348227 0.808128   0.88472418]
----Avg. Accuracy : 87.652
cost_train: 2.0089922070037574
---------------------------------------------------------------------------

epoch: 18
accuracy_array_train: [0.92676099 0.89018278 0.79130339 0.872188   0.91649662 0.93535945
 0.97935372 0.98920317 0.98859053 0.9758264  0.91610643 0.83144835
 0.81545833 0.81926956 0.82787419 0.89963442]
--aaccuracy_array: [0.95777681 0.87625526 0.78108922 0.85688823 0.90492463 0.89802061
 0.96122672 0.98780818 0.9885657  0.98873204 0.93930367 0.81536491
 0.792383   0.8149423  0.81597134 0.88026132]
----Avg. Accuracy : 89.121
cost_train: 1.9801429002545774
---------------------------------------------------------------------------

epoch: 19
accuracy_array_train: [0.93048364 0.88489749 0.78678506 0.87077631 0.9197567  0.93778393
 0.97903792 0.98974206 0.98903316 0.97367317 0.91753068 0.82603623
 0.81129483 0.82306551 0.82999746 0.89744415]
--aaccuracy_array: [0.91320042 0.84770514 0.74228674 0.89990924 0.91427034 0.94298105
 0.99167386 0.98874977 0.99126764 0.99045575 0.9158152  0.79864654
 0.77449092 0.87377672 0.88102061 0.91714676]
----Avg. Accuracy : 89.896
cost_train: 1.9548655089456588
---------------------------------------------------------------------------

epoch: 20
accuracy_array_train: [0.93036774 0.88489028 0.78794839 0.87147904 0.9174999  0.93795317
 0.97934587 0.99014513 0.98954867 0.97451724 0.91438204 0.8282496
 0.8118777  0.82118246 0.83484602 0.90357835]
--aaccuracy_array: [0.94213121 0.90984935 0.80030611 0.85520458 0.89220291 0.92820446
 0.97106214 0.99101062 0.99018463 0.9827424  0.94005805 0.848838
 0.83845077 0.77199641 0.80442616 0.87039416]
----Avg. Accuracy : 89.606
cost_train: 1.9386203968897462
---------------------------------------------------------------------------

epoch: 21
accuracy_array_train: [0.92991107 0.88311452 0.78640084 0.86852449 0.91534148 0.93758902
 0.9800299  0.9907281  0.99011281 0.97883212 0.91519951 0.82635527
 0.80748406 0.82190332 0.83348354 0.90792126]
--aaccuracy_array: [0.94062315 0.94317369 0.80375858 0.89378531 0.94719584 0.98147334
 0.99427788 0.99046116 0.99144807 0.97664343 0.94041643 0.85366723
 0.80429547 0.8524743  0.86072294 0.94491528]
----Avg. Accuracy : 91.995
cost_train: 1.906823986209929
---------------------------------------------------------------------------

epoch: 22
accuracy_array_train: [0.92536248 0.8792974  0.78099926 0.87061952 0.91745126 0.93936921
 0.98044028 0.99106705 0.99051309 0.97671178 0.91479723 0.825666
 0.80945349 0.82112528 0.83346755 0.90721476]
--aaccuracy_array: [0.97398995 0.9568688  0.81945024 0.90343976 0.95035473 0.9667559
 0.99311414 0.99197982 0.99105455 0.98957032 0.89483935 0.84799516
 0.84670725 0.8718237  0.8593387  0.91729267]
----Avg. Accuracy : 92.341
cost_train: 1.8897479446604848
---------------------------------------------------------------------------

epoch: 23
accuracy_array_train: [0.93341278 0.88140922 0.78147358 0.87272966 0.91965017 0.93785701
 0.98099923 0.99136038 0.99127506 0.97500139 0.9097485  0.824503
 0.80522638 0.82811782 0.83804582 0.90555051]
--aaccuracy_array: [0.95768008 0.90611832 0.84357139 0.84525786 0.89954326 0.94347036
 0.97397226 0.99162672 0.99167205 0.98073998 0.928609   0.84376319
 0.85371311 0.84167466 0.84965234 0.91472761]
----Avg. Accuracy : 91.036
cost_train: 1.8780276200268418
---------------------------------------------------------------------------

epoch: 24
accuracy_array_train: [0.92929247 0.88223112 0.78519315 0.86994038 0.91812049 0.93823168
 0.98135546 0.99167539 0.99121148 0.97310769 0.9151441  0.82441429
 0.81026627 0.82639302 0.83529354 0.90223364]
--aaccuracy_array: [0.94186817 0.89569478 0.81501053 0.85218729 0.93778391 0.94682907
 0.97576356 0.99217437 0.99073589 0.95537101 0.9162475  0.83446592
 0.83517578 0.78152691 0.79363765 0.82406728]
----Avg. Accuracy : 89.303
cost_train: 1.8676815961953253
---------------------------------------------------------------------------

epoch: 25
accuracy_array_train: [0.93468422 0.88952691 0.79814997 0.87056185 0.92182373 0.9415159
 0.98102203 0.99203095 0.9912046  0.97873377 0.92002092 0.83441276
 0.81899493 0.82365097 0.83352239 0.90088103]
--aaccuracy_array: [0.95823114 0.89140402 0.70264247 0.89655907 0.96496534 0.96031879
 0.9746407  0.99206057 0.99190146 0.98248504 0.9251138  0.80141127
 0.78595473 0.83750135 0.84099706 0.89964783]
----Avg. Accuracy : 90.036
cost_train: 1.8601871323771775
---------------------------------------------------------------------------

epoch: 26
accuracy_array_train: [0.92790835 0.88143305 0.7812386  0.86855783 0.91936483 0.94170181
 0.97998185 0.99224012 0.99153336 0.97604661 0.91553095 0.82113434
 0.80341387 0.82594435 0.83356316 0.90408758]
--aaccuracy_array: [0.9265597  0.89276852 0.79053669 0.87128545 0.91245413 0.94393854
 0.96546187 0.99272384 0.99295141 0.92656156 0.93359376 0.84758443
 0.82295859 0.85643551 0.8500184  0.87784788]
----Avg. Accuracy : 90.023
cost_train: 1.837345767999068
---------------------------------------------------------------------------

epoch: 27
accuracy_array_train: [0.93068459 0.88883671 0.79346765 0.8703767  0.9200485  0.94029755
 0.98420914 0.99221651 0.99215687 0.97785342 0.91374207 0.82520217
 0.81151164 0.8269425  0.83395816 0.90001458]
--aaccuracy_array: [0.90831262 0.85958917 0.72919721 0.91687711 0.9505582  0.9691586
 0.99427789 0.99398726 0.98238064 0.98024425 0.85171348 0.75885951
 0.74083642 0.90637921 0.89497495 0.93425392]
----Avg. Accuracy : 89.822
cost_train: 1.833575317170471
---------------------------------------------------------------------------

epoch: 28
accuracy_array_train: [0.93510334 0.88939294 0.78687582 0.87047248 0.91934208 0.94195054
 0.98080913 0.99260114 0.99196544 0.97459705 0.91356127 0.82691956
 0.80884899 0.83013954 0.83941882 0.90693867]
--aaccuracy_array: [0.94213451 0.92927346 0.80247158 0.86302735 0.90939896 0.94540402
 0.99521585 0.99382272 0.99267671 0.96421766 0.91561167 0.82434748
 0.80240948 0.77706911 0.83793281 0.91505982]
----Avg. Accuracy : 90.062
cost_train: 1.8258740880992264
---------------------------------------------------------------------------

epoch: 29
accuracy_array_train: [0.93270612 0.88628695 0.79095143 0.86578619 0.91843689 0.94027208
 0.98473093 0.99295699 0.99257079 0.97298023 0.91464758 0.8277478
 0.81360106 0.82175306 0.82715866 0.90273609]
--aaccuracy_array: [0.91275229 0.90044601 0.7699566  0.85953999 0.91879173 0.94469218
 0.98709077 0.99338706 0.99371074 0.99377559 0.91083987 0.81543545
 0.81283417 0.81475401 0.79582372 0.9044712 ]
----Avg. Accuracy : 89.551
cost_train: 1.8043390235397965
---------------------------------------------------------------------------

epoch: 30
accuracy_array_train: [0.93171553 0.88652294 0.79286231 0.87226095 0.92172575 0.94256162
 0.9816426  0.99324593 0.99202987 0.97753118 0.91890344 0.82744981
 0.80861077 0.83310756 0.84085831 0.90753765]
--aaccuracy_array: [0.97481683 0.92210154 0.79582237 0.87072118 0.95980144 0.95641217
 0.96454121 0.99338703 0.9935675  0.9834957  0.96565573 0.85120261
 0.85757236 0.82830468 0.84759435 0.90388483]
----Avg. Accuracy : 91.680
cost_train: 1.8112901987042278
---------------------------------------------------------------------------

epoch: 31
accuracy_array_train: [0.9328631  0.88867241 0.78955995 0.87144485 0.91784034 0.93511993
 0.98172446 0.99338276 0.99344409 0.97588132 0.9227351  0.82618264
 0.8102396  0.83087687 0.84031704 0.90913834]
--aaccuracy_array: [0.9763826  0.94505954 0.91314466 0.829124   0.90137753 0.90851139
 0.99658948 0.9940521  0.99416411 0.97465381 0.94427861 0.91052511
 0.89414874 0.77246763 0.82722326 0.90021983]
----Avg. Accuracy : 91.762
cost_train: 1.7978752197232097
---------------------------------------------------------------------------

epoch: 32
accuracy_array_train: [0.93212281 0.88651633 0.79203828 0.87126101 0.92268858 0.94122159
 0.98501104 0.99366698 0.99345634 0.97962694 0.91564485 0.82641429
 0.81191615 0.8345804  0.83624972 0.90367888]
--aaccuracy_array: [0.92291169 0.88938071 0.79931957 0.851137   0.91707377 0.94450298
 0.95738576 0.99421124 0.99329278 0.99212724 0.91829897 0.83201908
 0.83704662 0.80942671 0.80438526 0.86363919]
----Avg. Accuracy : 89.538
cost_train: 1.789864260237664
---------------------------------------------------------------------------

epoch: 33
accuracy_array_train: [0.9360208  0.88504842 0.78859327 0.86712315 0.92067502 0.94131962
 0.983028   0.99377466 0.99309208 0.97681867 0.91772232 0.8268088
 0.80432741 0.8287223  0.83547306 0.9070788 ]
--aaccuracy_array: [0.94021946 0.89443727 0.79053472 0.85415767 0.89849465 0.89201353
 0.98543213 0.99505492 0.99455261 0.95721124 0.92676747 0.81732215
 0.81949998 0.80548397 0.83579902 0.88459255]
----Avg. Accuracy : 89.322
cost_train: 1.7829685779288411
---------------------------------------------------------------------------

epoch: 34
accuracy_array_train: [0.93409261 0.88660089 0.79369332 0.86768015 0.92183183 0.93967173
 0.98439571 0.9940724  0.99341082 0.97486875 0.91821212 0.82972267
 0.80995562 0.8267801  0.83394169 0.907286  ]
--aaccuracy_array: [0.94480522 0.89856552 0.79461326 0.81644517 0.90931484 0.95018862
 0.99576531 0.99267666 0.99329279 0.98560862 0.98136009 0.79461974
 0.7899072  0.79794593 0.78164639 0.90368579]
----Avg. Accuracy : 89.565
cost_train: 1.777558913687244
---------------------------------------------------------------------------

epoch: 35
accuracy_array_train: [0.93513046 0.88942057 0.79827991 0.86680107 0.9172308  0.93637251
 0.98376086 0.99411718 0.99370338 0.97789608 0.91832404 0.83466233
 0.81426359 0.82768277 0.83438808 0.90022337]
--aaccuracy_array: [0.96079415 0.8966832  0.79374287 0.88318948 0.90837146 0.92465754
 0.98464084 0.99265896 0.99439168 0.98328683 0.89017963 0.80808112
 0.80054566 0.86022833 0.85396941 0.91563901]
----Avg. Accuracy : 90.319
cost_train: 1.7699870753567666
---------------------------------------------------------------------------

epoch: 36
accuracy_array_train: [0.92899188 0.88044324 0.780491   0.87221137 0.92149413 0.93927162
 0.98313401 0.99430504 0.99338236 0.97785207 0.91864394 0.82099844
 0.80565475 0.83804814 0.84264755 0.90464128]
--aaccuracy_array: [0.92286241 0.80531271 0.77160409 0.88269158 0.94188488 0.94489515
 0.97661111 0.99521586 0.99620098 0.94263929 0.98086064 0.86487888
 0.82674116 0.85415508 0.85198179 0.93798172]
----Avg. Accuracy : 90.603
cost_train: 1.7579261434730142
---------------------------------------------------------------------------

epoch: 37
accuracy_array_train: [0.93231234 0.87939217 0.7879859  0.86840592 0.91842597 0.93942252
 0.98181552 0.99452458 0.99350367 0.97847124 0.91435012 0.82305188
 0.80521183 0.83024    0.83715986 0.90319875]
--aaccuracy_array: [0.95025404 0.92013054 0.85353534 0.85217561 0.8827509  0.93228419
 0.9957653  0.99658948 0.9963619  0.98368394 0.96230625 0.89901517
 0.8838895  0.77117839 0.80708297 0.90693045]
----Avg. Accuracy : 91.212
cost_train: 1.7518993243575096
---------------------------------------------------------------------------

epoch: 38
accuracy_array_train: [0.93131318 0.88571872 0.7874063  0.86705043 0.91925841 0.93982994
 0.98212008 0.99460244 0.99386866 0.97926886 0.91646221 0.82299762
 0.80859515 0.82751196 0.83393827 0.90277195]
--aaccuracy_array: [0.97838442 0.96048024 0.8606634  0.84285377 0.88250002 0.92857832
 0.98021735 0.99405031 0.99361464 0.99371073 0.94790611 0.891348
 0.85803333 0.80241244 0.77673316 0.95453328]
----Avg. Accuracy : 91.537
cost_train: 1.7467751866206527
---------------------------------------------------------------------------

epoch: 39
accuracy_array_train: [0.93275484 0.88426272 0.79477773 0.86854314 0.919985   0.93987648
 0.98590075 0.99468163 0.99432482 0.98052643 0.92145621 0.83083265
 0.81541212 0.82720746 0.83522566 0.90784578]
--aaccuracy_array: [0.95118864 0.90972696 0.76642804 0.83232962 0.92672904 0.91302884
 0.98123467 0.99427788 0.98629227 0.99494112 0.91901727 0.81651923
 0.81000356 0.81245972 0.80546936 0.8510301 ]
----Avg. Accuracy : 89.191
cost_train: 1.7534663588739932
---------------------------------------------------------------------------

epoch: 40
accuracy_array_train: [0.93637402 0.8866442  0.79947366 0.87463    0.92378531 0.94075776
 0.98304585 0.99485609 0.99467063 0.98123285 0.91886876 0.83179216
 0.81230637 0.83524452 0.84335871 0.90683161]
--aaccuracy_array: [0.9250395  0.87992178 0.81345959 0.8547831  0.93119255 0.93607025
 0.99092752 0.99464869 0.98453256 0.97174661 0.9579789  0.84302135
 0.85117361 0.83575287 0.80429456 0.84305567]
----Avg. Accuracy : 90.109
cost_train: 1.7563590514473617
---------------------------------------------------------------------------

epoch: 41
accuracy_array_train: [0.93753034 0.88293717 0.79219006 0.86718904 0.91859072 0.9379603
 0.98347826 0.99502383 0.9941768  0.98043993 0.91781271 0.82843676
 0.81355196 0.83032588 0.83255619 0.90290512]
--aaccuracy_array: [0.94166103 0.87833348 0.81121084 0.86583225 0.91705863 0.92967625
 0.99604005 0.9954906  0.99482733 0.99615383 0.93284383 0.8299225
 0.83532673 0.80111492 0.81169967 0.87648384]
----Avg. Accuracy : 90.085
cost_train: 1.7373086139559746
---------------------------------------------------------------------------

epoch: 42
accuracy_array_train: [0.93615245 0.89005476 0.79245434 0.86839585 0.91959309 0.94361793
 0.982376   0.99488783 0.9950219  0.97886606 0.91575401 0.82824262
 0.81074264 0.83362264 0.83599861 0.90470449]
--aaccuracy_array: [0.90474513 0.89476421 0.82475962 0.87228468 0.90763263 0.93458165
 0.99592623 0.99576528 0.99647571 0.98822124 0.953081   0.85262747
 0.80828409 0.84364404 0.8449109  0.92297302]
----Avg. Accuracy : 90.879
cost_train: 1.736461013322696
---------------------------------------------------------------------------

epoch: 43
accuracy_array_train: [0.93898972 0.88703625 0.78998106 0.87322735 0.92152107 0.94211934
 0.9838669  0.9954138  0.99469343 0.98099088 0.92361705 0.8298513
 0.80898951 0.8347931  0.8431579  0.90889693]
--aaccuracy_array: [0.90434657 0.84626201 0.73933721 0.85030405 0.93679251 0.96638249
 0.96556728 0.99592625 0.99615382 0.99576531 0.91634299 0.8274727
 0.79117619 0.79404892 0.79992476 0.86209458]
----Avg. Accuracy : 88.674
cost_train: 1.738622433738783
---------------------------------------------------------------------------

epoch: 44
accuracy_array_train: [0.93553905 0.89196326 0.79486018 0.86924114 0.9185341  0.9382167
 0.98368218 0.99525834 0.99505723 0.97855956 0.91928894 0.82734113
 0.81406959 0.83176452 0.83745146 0.90311757]
--aaccuracy_array: [0.95949031 0.89561097 0.78978147 0.87188418 0.94519766 0.95863694
 0.98986466 0.99382454 0.99521586 0.99569866 0.91859832 0.7870024
 0.79039486 0.79940403 0.82788968 0.90099904]
----Avg. Accuracy : 90.121
cost_train: 1.7286723882425576
---------------------------------------------------------------------------

epoch: 45
accuracy_array_train: [0.9344992  0.89074208 0.7963506  0.87276564 0.92271878 0.94148321
 0.9869753  0.99556585 0.99531132 0.97903066 0.91798944 0.83120161
 0.81484022 0.83372467 0.83611178 0.90407923]
--aaccuracy_array: [0.93000981 0.91112308 0.86405618 0.86638252 0.93735367 0.96487068
 0.97499777 0.99510206 0.99615382 0.97769725 0.9390908  0.90822087
 0.87758133 0.82546623 0.80915834 0.87444618]
----Avg. Accuracy : 91.573
cost_train: 1.728762102080509
---------------------------------------------------------------------------

epoch: 46
accuracy_array_train: [0.9331575  0.88819529 0.79757155 0.87014269 0.92103926 0.93888083
 0.98616935 0.99547821 0.99455426 0.97838917 0.9233094  0.83190238
 0.8141616  0.83385063 0.83717989 0.91142198]
--aaccuracy_array: [0.90860045 0.84756361 0.77748036 0.89033692 0.9182014  0.94524646
 0.98665814 0.99549058 0.99537678 0.97790612 0.88936029 0.79704367
 0.782555   0.86996016 0.87320888 0.9178164 ]
----Avg. Accuracy : 89.830
cost_train: 1.7288511875085533
---------------------------------------------------------------------------

epoch: 47
accuracy_array_train: [0.94171265 0.89511389 0.79284932 0.870014   0.92307507 0.9422087
 0.98690973 0.99560644 0.9945677  0.98165478 0.91441435 0.82354404
 0.8091459  0.83672283 0.83945    0.90466596]
--aaccuracy_array: [0.96201044 0.89441712 0.82504226 0.82021658 0.88666077 0.96126765
 0.98798871 0.99647568 0.9955377  0.98504485 0.94606677 0.82045221
 0.84725013 0.76118268 0.74947909 0.78843407]
----Avg. Accuracy : 88.922
cost_train: 1.7224031530786306
---------------------------------------------------------------------------

epoch: 48
accuracy_array_train: [0.93610492 0.88438001 0.79513013 0.87082597 0.92737401 0.94589526
 0.98447102 0.99562874 0.9955281  0.97877863 0.9206113  0.82771343
 0.81094595 0.83190749 0.83761352 0.90051945]
--aaccuracy_array: [0.93088962 0.89143123 0.81425853 0.87812902 0.91807182 0.93402813
 0.99752747 0.99636191 0.99725273 0.99592625 0.91677904 0.84874225
 0.82679297 0.8741549  0.85380119 0.96537453]
----Avg. Accuracy : 91.497
cost_train: 1.7193632221315056
---------------------------------------------------------------------------

epoch: 49
accuracy_array_train: [0.93300412 0.8831085  0.78748117 0.87124912 0.92264742 0.9458234
 0.98538986 0.9956586  0.99503264 0.97959227 0.91909971 0.82467676
 0.80568439 0.83198698 0.83744722 0.90391607]
--aaccuracy_array: [0.89351657 0.88264753 0.77438742 0.82190852 0.85403144 0.90838568
 0.97316341 0.99482732 0.99587911 0.99725273 0.91421323 0.81691891
 0.82343598 0.80160089 0.77767715 0.83157396]
----Avg. Accuracy : 87.883
cost_train: 1.71121503575705
---------------------------------------------------------------------------

epoch: 50
accuracy_array_train: [0.93679882 0.88330509 0.7898281  0.87242302 0.92301849 0.94373926
 0.98598477 0.99593651 0.99555288 0.98035988 0.91670624 0.82234265
 0.80441385 0.8401993  0.84256618 0.9081715 ]
--aaccuracy_array: [0.9035009  0.84808846 0.80198358 0.92541841 0.96353452 0.97222649
 0.97932352 0.99558665 0.996978   0.96769807 0.88413022 0.75633068
 0.74934323 0.92566772 0.91011046 0.96379592]
----Avg. Accuracy : 90.898
cost_train: 1.7124350066296756
---------------------------------------------------------------------------

epoch: 51
accuracy_array_train: [0.93543034 0.88862504 0.79832805 0.8632593  0.9193459  0.93844263
 0.98321518 0.99599513 0.99579544 0.98130166 0.91752731 0.8311779
 0.8148264  0.82472054 0.83403448 0.90559605]
--aaccuracy_array: [0.9462619  0.86791696 0.80603799 0.8790596  0.93547201 0.9673107
 0.9968642  0.99510206 0.99670328 0.99560438 0.9066595  0.8260866
 0.81791461 0.84058587 0.86083022 0.91502781]
----Avg. Accuracy : 90.958
cost_train: 1.7049364561680704
---------------------------------------------------------------------------

epoch: 52
accuracy_array_train: [0.93271241 0.88450137 0.788721   0.87185364 0.92124772 0.94604687
 0.98388558 0.99606732 0.99540017 0.98118927 0.92125911 0.82517541
 0.80610111 0.83781463 0.84607079 0.91067714]
--aaccuracy_array: [0.90513171 0.91577005 0.84801529 0.86667533 0.88536067 0.92535414
 0.99521586 0.9958791  0.99576531 0.97895195 0.88610792 0.83412991
 0.83077854 0.86964138 0.85700122 0.87561025]
----Avg. Accuracy : 90.408
cost_train: 1.70725158136338
---------------------------------------------------------------------------

epoch: 53
accuracy_array_train: [0.93064185 0.88067047 0.78813247 0.87197716 0.9239889  0.94488183
 0.98578648 0.99610134 0.99561286 0.97838485 0.9162266  0.81898224
 0.79846379 0.84161576 0.84255236 0.91643468]
--aaccuracy_array: [0.96265353 0.87782958 0.7930927  0.90072933 0.92654181 0.9404967
 0.99752747 0.99532965 0.99549057 0.95413782 0.97242384 0.83855298
 0.79966931 0.81260442 0.86246115 0.9059701 ]
----Avg. Accuracy : 90.846
cost_train: 1.7016711425967515
---------------------------------------------------------------------------

epoch: 54
accuracy_array_train: [0.93428527 0.88565718 0.79042003 0.8760826  0.92475086 0.94200212
 0.98591878 0.99622869 0.99576227 0.98104653 0.9146847  0.82550218
 0.80748805 0.83919637 0.84663612 0.91058603]
--aaccuracy_array: [0.96524921 0.92643027 0.84812023 0.80961692 0.90031242 0.94362196
 0.9976884  0.99620095 0.99741368 0.99587911 0.91964518 0.85044642
 0.8839605  0.77639528 0.78161074 0.90744838]
----Avg. Accuracy : 90.625
cost_train: 1.706180417444557
---------------------------------------------------------------------------

