00003_4175.jpgA 500 178 1198 468 -1 -1 -1 -1 -1 -1 1047 346 1096 392 1072 466 1198 178 756 252 625 282 500 400 -1 -1 -1 -1 -1 -1 716 410 690 450 745 468
00003_4450.jpgA 467 294 1301 720 -1 -1 -1 -1 -1 -1 1065 643 1036 717 943 720 1301 636 775 294 546 350 467 518 -1 -1 -1 -1 -1 -1 725 546 691 611 658 669
00003_5425.jpgA 573 213 1226 570 1078 502 1112 430 -1 -1 1166 380 1207 432 1226 499 1152 213 746 351 584 431 573 541 -1 -1 -1 -1 -1 -1 772 516 754 570 791 566
00019_275.jpgA 531 350 1618 857 1216 789 1310 782 -1 -1 1431 720 1384 816 1278 857 1618 720 952 350 665 354 531 504 -1 -1 -1 -1 -1 -1 869 620 805 693 716 778
00022_200.jpgA 284 354 1393 1048 1367 967 1393 854 1384 742 1242 797 1301 899 1290 1048 1337 354 657 576 448 655 284 886 -1 -1 -1 -1 -1 -1 561 857 537 984 650 995
00032_25.jpgA 452 441 1305 782 -1 -1 -1 -1 -1 -1 1216 677 1268 715 1237 782 1305 441 752 479 565 491 452 654 -1 -1 -1 -1 -1 -1 653 674 604 727 659 749
00033_650.jpgA 507 349 1445 873 -1 -1 -1 -1 -1 -1 1328 680 1325 776 1309 867 1445 349 703 483 507 652 509 873 855 814 -1 -1 -1 -1 776 777 728 862 814 855
00033_675.jpgA 515 331 1580 867 -1 -1 -1 -1 -1 -1 1503 661 1503 778 1478 867 1580 331 862 603 667 698 515 856 -1 -1 -1 -1 -1 -1 -1 -1 -1 -1 -1 -1
00033_700.jpgA 580 335 1624 852 -1 -1 -1 -1 -1 -1 1571 659 1597 744 1573 852 1624 335 939 586 712 689 580 786 -1 -1 -1 -1 -1 -1 -1 -1 -1 -1 -1 -1
00034_225.jpgA 429 106 1754 940 1197 940 1039 882 871 840 -1 -1 -1 -1 -1 -1 429 695 1274 131 1593 106 1754 327 1359 712 1344 637 1333 521 -1 -1 -1 -1 -1 -1
00034_25.jpgA 261 223 1737 904 1025 904 857 872 657 846 -1 -1 -1 -1 -1 -1 261 695 1173 223 1544 310 1737 616 1233 848 1212 759 1184 671 -1 -1 -1 -1 -1 -1
00036_925.jpgA 341 421 1200 828 -1 -1 -1 -1 -1 -1 1054 660 1070 744 1029 828 1200 421 586 466 435 512 341 653 528 734 -1 -1 -1 -1 514 655 451 702 377 741
00043_1550.jpgA 491 186 1452 650 -1 -1 -1 -1 -1 -1 1319 471 1320 549 1296 630 1452 186 723 310 491 453 492 618 -1 -1 -1 -1 -1 -1 785 574 807 650 884 643
00043_1600.jpgA 409 165 1453 646 -1 -1 -1 -1 -1 -1 1348 458 1359 539 1338 622 1453 165 778 358 571 429 409 575 -1 -1 -1 -1 -1 -1 757 579 710 625 784 646
00043_1675.jpgA 333 525 1433 935 -1 -1 -1 -1 -1 -1 1316 721 1376 772 1341 874 1433 525 731 648 484 708 333 848 -1 -1 -1 -1 -1 -1 727 863 667 910 750 935
00060_325.jpgA 395 335 1511 897 1368 808 -1 -1 -1 -1 1406 711 1429 797 1413 897 1511 335 732 426 556 519 395 662 948 764 -1 -1 -1 -1 773 740 -1 -1 -1 -1
00060_375.jpgA 322 420 1424 937 1301 850 -1 -1 -1 -1 1329 754 1367 837 1363 937 1424 420 639 506 488 552 322 714 -1 -1 -1 -1 -1 -1 629 772 584 871 659 882
00060_425.jpgA 224 386 1424 961 1297 857 -1 -1 -1 -1 1339 763 1388 835 1378 927 1424 386 637 561 420 620 224 827 -1 -1 -1 -1 -1 -1 637 857 580 952 667 961
00065_275.jpgA 278 229 1383 776 422 716 390 608 394 519 -1 -1 -1 -1 -1 -1 278 229 1100 346 1338 553 1383 737 1029 772 1114 776 1076 672 -1 -1 -1 -1 -1 -1
00065_450.jpgA 160 242 1333 783 322 732 281 621 279 527 -1 -1 329 632 354 724 160 242 971 384 1240 584 1333 732 929 778 1014 783 970 710 -1 -1 -1 -1 892 737
00078_1050.jpgA 356 321 1395 837 693 837 612 786 491 727 -1 -1 -1 -1 -1 -1 356 704 978 354 1184 321 1395 372 1159 803 1122 738 1076 652 -1 -1 -1 -1 -1 -1
00081_125.jpgA 390 337 1390 844 595 844 514 838 531 744 -1 -1 -1 -1 -1 -1 390 686 948 421 1214 337 1390 395 1161 763 1124 710 1084 640 -1 -1 1154 648 1191 714
00102_125.jpgA 703 440 1491 933 924 933 854 899 797 838 -1 -1 -1 -1 937 878 703 784 1184 471 1388 440 1491 563 1325 854 1303 788 1284 697 -1 -1 -1 -1 1224 799
00102_450.jpgA 535 476 1333 1018 622 1018 590 969 535 888 -1 -1 -1 -1 725 972 -1 -1 944 546 1191 476 1333 540 1112 967 1088 897 1059 782 -1 -1 -1 -1 -1 -1
00102_600.jpgA 650 450 1501 918 741 918 701 857 650 799 -1 -1 -1 -1 854 867 -1 -1 1148 450 1378 548 1501 761 1148 869 1135 804 1118 699 -1 -1 -1 -1 1186 816
00118_25.jpgA 203 220 1212 723 1186 703 1212 610 1191 537 1076 552 1116 627 1084 723 1207 220 546 384 363 425 203 629 -1 -1 -1 -1 -1 -1 459 620 441 706 514 716
00118_75.jpgA 344 338 1408 735 1325 708 1388 635 -1 -1 1259 589 1318 646 1246 735 1408 338 663 369 454 414 344 593 -1 -1 -1 -1 -1 -1 -1 -1 -1 -1 -1 -1
00125_1000.jpgA 316 488 1531 946 399 901 346 810 414 742 -1 -1 -1 -1 -1 -1 316 488 1046 608 1399 661 1531 833 1056 946 1124 940 1095 831 -1 -1 -1 -1 -1 -1
00125_925.jpgA 363 376 1537 910 590 874 533 774 518 688 -1 -1 429 727 450 848 363 376 1201 525 1393 629 1537 833 1156 910 1241 904 1180 799 -1 -1 -1 -1 -1 -1
00125_975.jpgA 348 412 1535 925 469 882 425 780 471 703 -1 -1 -1 -1 -1 -1 348 412 1118 572 1429 659 1535 850 1163 925 1244 910 1171 801 -1 -1 -1 -1 -1 -1
00139_275.jpgA 394 321 957 741 539 741 478 739 464 674 -1 -1 -1 -1 -1 -1 394 688 707 409 869 321 926 449 910 728 878 682 802 621 926 579 938 649 957 716
00139_300.jpgA 516 375 1010 786 606 786 524 786 516 730 -1 -1 -1 -1 -1 -1 -1 -1 723 460 866 375 905 502 846 782 833 727 806 662 952 625 980 693 1010 765
00139_350.jpgA 458 281 962 794 552 794 490 791 458 739 -1 -1 -1 -1 -1 -1 -1 -1 678 452 813 295 887 281 813 791 796 734 754 653 897 612 925 685 962 766
00147_1600.jpgA 423 332 1320 738 524 697 496 615 497 550 -1 -1 550 600 581 666 423 332 1030 433 1216 568 1320 723 998 738 1050 738 989 652 -1 -1 -1 -1 945 714
00147_1775.jpgA 404 320 1286 724 513 670 472 589 497 518 -1 -1 -1 -1 552 663 404 320 977 481 1190 556 1286 682 951 724 1001 715 952 652 -1 -1 -1 -1 -1 -1
00149_150.jpgA 667 330 1074 637 1073 599 1074 553 1067 487 996 511 1016 553 1001 612 1052 330 744 442 681 513 667 636 -1 -1 -1 -1 -1 -1 774 583 796 637 834 635
00149_200.jpgA 480 307 1074 718 1043 670 1067 593 1069 517 962 527 994 577 990 659 1074 307 690 501 573 573 480 692 -1 -1 -1 -1 -1 -1 662 665 645 715 702 718
00153_375.jpgA 484 167 1052 893 897 667 -1 -1 -1 -1 1052 476 1046 572 1041 671 969 167 637 416 484 616 541 893 -1 -1 -1 -1 -1 -1 799 704 784 820 -1 -1
00153_400.jpgA 524 206 1069 842 957 654 -1 -1 -1 -1 1054 488 1063 569 1069 655 952 206 618 491 524 608 573 842 -1 -1 -1 -1 -1 -1 824 742 825 818 -1 -1
00154_100.jpgA 348 352 1154 701 -1 -1 -1 -1 -1 -1 1059 603 1073 672 1010 701 1154 559 659 352 442 365 348 495 597 648 -1 -1 -1 -1 574 557 531 635 491 688
00154_425.jpgA 324 433 1090 712 916 682 -1 -1 -1 -1 1003 599 1024 655 971 682 1090 555 591 478 437 433 324 497 -1 -1 -1 -1 -1 -1 503 633 446 674 371 712
00154_50.jpgA 601 338 1105 586 -1 -1 -1 -1 -1 -1 1097 517 1105 574 1059 586 -1 -1 807 338 667 357 601 449 779 554 801 511 -1 -1 780 479 759 534 733 577
00156_125.jpgA 610 105 1532 733 951 702 -1 -1 -1 -1 1311 733 1204 729 1089 728 1532 657 892 105 618 323 610 615 710 701 -1 -1 -1 -1 931 491 899 598 869 718
00158_300.jpgA 665 412 1151 757 1151 725 1146 662 1139 577 1013 607 1027 664 1018 737 1116 412 777 524 708 605 665 728 -1 -1 -1 -1 -1 -1 822 695 821 753 863 757
00158_500.jpgA 561 331 1172 763 -1 -1 1170 637 1172 565 1109 584 1141 645 1141 724 1169 331 734 506 627 616 561 729 846 744 -1 -1 -1 -1 748 710 749 763 809 758
00164_100.jpgA 629 275 1366 655 799 655 726 647 739 582 -1 -1 -1 -1 -1 -1 629 629 1095 275 1270 325 1366 458 1149 602 1143 554 1141 496 -1 -1 -1 -1 -1 -1
00164_150.jpgA 683 258 1405 651 877 651 801 647 827 575 -1 -1 -1 -1 -1 -1 683 569 1108 262 1296 258 1405 297 1213 590 1207 538 1209 471 -1 -1 1161 507 1180 571
00164_50.jpgA 694 241 1379 634 714 634 700 609 694 564 -1 -1 -1 -1 832 621 -1 -1 1093 241 1321 311 1379 437 1131 588 1119 533 1116 474 -1 -1 -1 -1 1147 579
00164_625.jpgA 680 38 1364 495 932 495 849 482 836 402 -1 -1 -1 -1 -1 -1 680 455 1141 38 1296 143 1313 387 1311 426 1261 377 1193 309 -1 -1 -1 -1 1364 401
00164_850.jpgA 726 339 1684 817 1032 807 914 817 903 739 -1 -1 -1 -1 -1 -1 726 770 1294 339 1554 411 1684 565 1445 723 1404 673 1351 581 -1 -1 1320 639 1359 702
00167_125.jpgA 417 334 1468 807 907 807 755 799 667 749 -1 -1 -1 -1 913 770 417 727 1051 336 1312 334 1468 497 1201 747 1178 691 1151 601 -1 -1 1251 620 1293 682
00167_25.jpgA 499 261 1522 740 997 740 842 725 690 695 -1 -1 -1 -1 -1 -1 499 671 1131 261 1393 269 1522 427 1280 693 1244 635 1201 552 -1 -1 -1 -1 1180 655
00168_225.jpgA 361 120 1435 852 -1 -1 -1 -1 -1 -1 1350 532 1363 651 1347 766 1435 120 597 441 418 585 361 843 -1 -1 -1 -1 -1 -1 674 730 677 852 779 835
00168_250.jpgA 378 131 1424 862 -1 -1 -1 -1 -1 -1 1341 543 1367 644 1350 755 1424 131 664 460 445 588 378 825 -1 -1 -1 -1 -1 -1 659 727 659 862 769 851
00168_275.jpgA 336 165 1382 885 1352 761 -1 -1 -1 -1 1327 578 1382 665 1378 780 1361 165 729 520 476 616 336 829 -1 -1 -1 -1 -1 -1 678 776 677 885 762 876
00168_300.jpgA 297 232 1460 873 1432 751 1460 634 1425 556 1298 615 1373 668 1363 776 1370 232 700 540 467 602 297 803 -1 -1 -1 -1 -1 -1 687 792 678 873 759 865
00172_600.jpgA 288 342 1408 874 -1 -1 -1 -1 -1 -1 1307 676 1337 774 1307 874 1408 342 620 471 382 603 288 835 -1 -1 -1 -1 -1 -1 659 759 650 874 731 872
00172_650.jpgA 417 350 1403 861 1269 838 1295 750 -1 -1 1307 653 1352 745 1336 861 1403 350 695 555 522 620 417 803 702 850 -1 -1 -1 -1 737 700 667 761 623 836
00172_700.jpgA 405 457 1501 861 1342 840 -1 -1 -1 -1 1369 689 1442 752 1408 848 1501 457 805 561 544 599 405 748 -1 -1 -1 -1 -1 -1 803 720 774 793 742 861
00177_75.jpgA 239 210 1342 759 1263 684 -1 -1 -1 -1 1242 476 1318 571 1342 701 1322 210 614 442 310 616 239 759 -1 -1 -1 -1 -1 -1 720 559 731 637 748 729
3_25.jpgA 271 132 896 571 401 571 335 507 271 470 -1 -1 -1 -1 -1 -1 -1 -1 588 132 810 204 896 345 614 518 597 460 572 379 -1 -1 -1 -1 -1 -1
DSC05511.jpgA 1058 1026 2746 1760 2450 1628 2480 1514 -1 -1 2588 1548 2562 1650 2548 1736 2746 1064 1604 1026 1164 1436 1058 1760 1704 1656 -1 -1 -1 -1 1670 1524 1638 1642 1600 1734
DSC05512.jpgA 1213 1129 2053 1531 1936 1482 1951 1408 -1 -1 1960 1343 1987 1403 1964 1492 2053 1129 1487 1280 1299 1381 1213 1531 -1 -1 -1 -1 -1 -1 1511 1471 1488 1529 1553 1528
DSC05513.jpgA 1285 1223 2165 1447 -1 -1 -1 -1 -1 -1 2075 1362 2114 1400 2053 1436 2165 1269 1574 1223 1378 1293 1285 1442 -1 -1 -1 -1 -1 -1 1551 1393 1508 1440 1562 1447
DSC05515.jpgA 1303 1262 2523 1840 1413 1840 1408 1747 1400 1645 -1 -1 -1 -1 1450 1775 1303 1262 2182 1292 2427 1512 2523 1797 2092 1830 2078 1738 2058 1635 -1 -1 -1 -1 2148 1722
DSC05516.jpgA 1545 961 2760 1993 1641 1709 1622 1591 1616 1484 -1 -1 -1 -1 -1 -1 1545 961 2405 1197 2705 1424 2760 1790 2319 1993 2325 1880 2302 1747 -1 -1 -1 -1 2529 1845
DSC05518.jpgA 658 567 3137 1761 2716 1576 2879 1400 -1 -1 2852 1200 2988 1346 2922 1570 3137 567 1531 1067 894 1334 658 1761 -1 -1 -1 -1 -1 -1 1591 1603 1504 1722 1685 1743
DSC05524.jpgA 1191 582 2813 1652 1364 1534 1334 1343 1325 1179 -1 -1 -1 -1 -1 -1 1191 582 2397 655 2788 979 2813 1476 2382 1652 2376 1500 2340 1343 -1 -1 -1 -1 2607 1494
DSC05526.jpgA 1182 982 3082 1828 1385 1828 1364 1664 1349 1488 -1 -1 -1 -1 1443 1737 1182 1015 2376 982 2846 1088 3082 1422 2328 1752 2337 1615 2325 1458 -1 -1 -1 -1 2394 1634
DSC05527.jpgA 1328 1123 2854 1823 1669 1823 1595 1692 1579 1577 -1 -1 1431 1621 1479 1780 1328 1123 2521 1128 2854 1387 -1 -1 2377 1808 2374 1700 2387 1559 -1 -1 -1 -1 2467 1682
DSC05528.jpgA 817 1340 2279 1823 -1 -1 -1 -1 -1 -1 1921 1657 1874 1778 1721 1823 2279 1437 1288 1340 998 1454 817 1692 -1 -1 -1 -1 -1 -1 -1 -1 -1 -1 -1 -1
DSC05529.jpgA 725 615 2991 1709 2610 1546 2664 1376 2661 1191 2767 1261 2782 1464 2758 1709 2991 615 1446 652 870 979 725 1485 -1 -1 -1 -1 -1 -1 1576 1288 1564 1473 1543 1646
DSC05534.jpgA 1337 637 3446 1634 1573 1558 1516 1376 1467 1222 -1 -1 -1 -1 1452 1412 1337 637 2682 734 3225 958 3446 1367 2619 1634 2579 1482 2467 1303 -1 -1 2661 1449 2682 1625
DSC05536.jpgA 1612 780 2914 1486 1766 1326 1732 1220 1696 1120 -1 -1 -1 -1 1700 1238 1612 780 2392 848 2740 952 2914 1196 2456 1486 2412 1376 2358 1254 -1 -1 -1 -1 2368 1384
DSC05538.jpgA 1160 915 2102 1482 1516 1349 1444 1269 1436 1175 1284 1140 1231 1240 1236 1373 1160 915 1995 927 2102 1216 1989 1482 1853 1418 1836 1329 1796 1225 -1 -1 -1 -1 -1 -1
DSC05539.jpgA 1219 970 2931 1767 2740 1655 -1 -1 -1 -1 2770 1452 2822 1622 2828 1767 2931 970 1610 970 1219 1234 -1 -1 1661 1658 1658 1522 -1 -1 1746 1464 1761 1606 1755 1749
DSC05540.jpgA 776 867 2594 1912 -1 -1 -1 -1 -1 -1 2401 1609 2473 1749 2482 1912 2594 931 1161 867 776 1088 -1 -1 1376 1625 1367 1476 -1 -1 1131 1485 1164 1631 1164 1803
DSC05541.jpgA 1128 1385 2746 1882 -1 -1 -1 -1 -1 -1 2552 1670 2616 1785 2531 1882 2746 1552 1685 1385 1307 1485 1128 1822 -1 -1 -1 -1 -1 -1 1691 1643 1558 1691 1488 1788
DSC05542.jpgA 1185 1319 2810 1788 2504 1661 -1 -1 -1 -1 2746 1549 2807 1688 2737 1770 2810 1319 1816 1349 1440 1482 1185 1788 -1 -1 -1 -1 -1 -1 -1 -1 -1 -1 -1 -1
DSC05544.jpgA 1379 664 2882 1582 2328 1461 -1 -1 -1 -1 2604 1379 2546 1528 2373 1582 2882 1364 2019 749 1588 664 1379 819 -1 -1 -1 -1 -1 -1 1813 1097 1734 1219 1643 1346
DSC05545.jpgA 816 473 2519 1594 2331 1276 2328 1131 2291 979 2443 1031 2497 1167 2504 1337 2519 473 1134 712 816 1088 -1 -1 1246 1422 -1 -1 -1 -1 1419 1267 1422 1428 1431 1594
DSC05546.jpgA 1158 866 2390 1466 2002 1412 2092 1374 -1 -1 2262 1294 2232 1396 2160 1466 2390 1228 1662 866 1312 916 1158 1076 -1 -1 -1 -1 -1 -1 1570 1206 1528 1306 1470 1398
DSC05547.jpgA 888 837 3040 1767 982 1767 985 1588 1028 1422 -1 -1 -1 -1 1052 1719 888 837 2231 852 2655 882 3040 1085 2313 1706 2291 1552 2288 1370 -1 -1 2119 1409 2149 1570
DSC05550.jpgA 379 861 3264 1776 -1 -1 -1 -1 -1 -1 2540 1488 2449 1709 2134 1776 3264 1070 1428 861 661 961 379 1412 -1 -1 -1 -1 -1 -1 1155 1525 937 1591 637 1664
DSC05551.jpgA 946 585 3073 1755 2082 1603 2240 1579 -1 -1 2513 1519 2370 1679 2128 1731 3073 1434 1755 585 1137 822 946 1431 1155 1564 -1 -1 -1 -1 1628 1367 1494 1534 1346 1755
DSC05553.jpgA 1200 728 2266 1439 2133 1397 -1 -1 -1 -1 2105 1217 2170 1315 2176 1439 2266 855 1398 728 1200 857 -1 -1 1485 1309 1502 1221 1530 1149 1413 1155 1430 1257 1432 1343
DSC05555.jpgA 936 559 2451 1369 941 1287 959 1172 1000 1062 -1 -1 1208 1057 1277 1200 936 559 2192 675 2451 1028 2431 1369 1897 1246 1885 1146 1885 1023 -1 -1 -1 -1 2036 1152
DSC05556.jpgA 917 833 2650 1702 1257 1645 1179 1468 1124 1307 -1 -1 1283 1383 1331 1509 917 833 2207 876 2650 1345 2552 1702 2102 1661 2098 1554 2076 1433 -1 -1 -1 -1 1971 1492
DSC05558.jpgA 728 807 2180 1580 -1 -1 -1 -1 -1 -1 2120 1335 2165 1452 2180 1580 2176 807 1002 870 728 1124 -1 -1 -1 -1 -1 -1 -1 -1 1180 1320 1200 1450 1200 1572
DSC05559.jpgA 920 978 2722 1809 1024 1809 1012 1668 1055 1542 -1 -1 -1 -1 961 1767 920 1030 1991 994 2393 978 2722 1102 2037 1719 2035 1602 2033 1472 -1 -1 -1 -1 2124 1619
DSC05560.jpgA 1252 912 2738 1624 1572 1624 1516 1494 1506 1358 1396 1348 1388 1468 1448 1596 1252 912 2472 928 2738 1264 2696 1564 2342 1568 2318 1480 2290 1374 -1 -1 -1 -1 -1 -1
DSC05563.jpgA 625 970 3001 1206 -1 -1 -1 -1 -1 -1 -1 -1 -1 -1 -1 -1 3001 970 1655 1034 988 1022 625 1206 -1 -1 -1 -1 -1 -1 -1 -1 -1 -1 -1 -1
DSC05565.jpgA 567 428 3194 1822 1255 1822 1116 1640 1085 1461 -1 -1 -1 -1 949 1637 567 770 2464 428 3043 643 3194 1109 2491 1564 2464 1403 2446 1228 -1 -1 -1 -1 2273 1303
DSC05566.jpgA 758 658 2588 1797 2152 1673 -1 -1 -1 -1 2588 1700 2467 1776 2234 1797 -1 -1 1858 658 1188 728 758 1076 1819 1552 -1 -1 -1 -1 1734 1394 1719 1579 1685 1728
DSC05570.jpgA 630 952 2335 1746 2091 1711 -1 -1 -1 -1 2159 1498 2209 1611 2163 1746 2335 952 1028 1087 761 1239 630 1507 1341 1665 -1 -1 -1 -1 1091 1563 1083 1661 1209 1680
DSC05571.jpgA 1113 809 2825 1272 -1 -1 -1 -1 -1 -1 -1 -1 -1 -1 -1 -1 1113 997 2176 873 2501 809 2825 940 2756 1272 2646 1248 2484 1244 -1 -1 -1 -1 -1 -1
DSC05574.jpgA 728 1243 3104 1846 1279 1846 1085 1843 1082 1691 -1 -1 -1 -1 -1 -1 728 1391 2313 1243 2819 1391 3104 1761 -1 -1 -1 -1 2388 1770 -1 -1 -1 -1 -1 -1
DSC05575.jpgA 597 364 3679 1725 2125 1725 1801 1643 1534 1573 -1 -1 -1 -1 -1 -1 597 1243 2476 364 3319 534 3679 1219 2552 1603 2519 1412 2485 1240 -1 -1 -1 -1 -1 -1
DSC05576.jpgA 736 519 2777 1495 1005 1495 960 1292 974 1140 -1 -1 -1 -1 1071 1385 736 533 2233 519 2636 678 2777 1064 2233 1378 2236 1250 2171 1074 -1 -1 2033 1119 2077 1271
DSC05577.jpgA 94 728 2979 1928 2276 1794 2440 1588 -1 -1 2913 1503 2979 1706 2979 1928 2952 746 1125 728 446 1052 94 1615 -1 -1 -1 -1 -1 -1 1288 1525 1252 1719 1201 1903
DSC05578.jpgA 501 476 3076 1676 582 1676 567 1434 607 1270 -1 -1 -1 -1 679 1515 501 476 2207 528 2737 503 3076 767 2255 1640 2231 1476 2237 1249 -1 -1 -1 -1 -1 -1
DSC05579.jpgA 867 780 2559 1661 1798 1548 -1 -1 -1 -1 2076 1567 1961 1617 1787 1661 2559 1509 1607 780 1126 793 867 1052 1411 1430 1430 1272 -1 -1 1550 1267 1530 1400 1502 1530
DSC05584.jpgA 646 555 2607 1734 2119 1370 2167 1164 -1 -1 2370 1085 2316 1258 2207 1458 2607 555 1082 773 737 1212 646 1734 -1 -1 -1 -1 -1 -1 1446 1325 1370 1470 1304 1615
DSC05585.jpgA 1425 815 2907 1358 1713 1358 1628 1231 1719 1119 -1 -1 1452 1173 1525 1258 1425 815 2367 822 2655 846 2907 1119 2334 1264 2440 1228 2379 1131 -1 -1 -1 -1 -1 -1
DSC05586.jpgA 567 822 3504 1937 1549 1937 1228 1937 1282 1728 -1 -1 -1 -1 -1 -1 567 1328 2379 822 3107 949 3504 1385 2528 1658 2761 1628 2655 1473 -1 -1 -1 -1 -1 -1
DSC05587.jpgA 701 885 3464 1691 1234 1691 1001 1664 1028 1497 -1 -1 -1 -1 -1 -1 701 1149 2482 961 3013 885 3464 1073 3273 1600 3055 1564 2828 1591 -1 -1 -1 -1 -1 -1
DSC05588.jpgA 1043 715 3704 1564 1188 1388 1043 1291 1061 1091 -1 -1 -1 -1 -1 -1 -1 -1 2691 715 3288 825 3704 1337 2422 1552 2625 1564 2519 1367 -1 -1 -1 -1 -1 -1
DSC05589.jpgA 897 509 2485 1670 897 1437 931 1291 928 1140 -1 -1 -1 -1 1313 1397 -1 -1 1510 555 1976 509 2485 788 1516 1670 1510 1473 1479 1264 1882 1146 1858 1325 1885 1522
DSC05590.jpgA 425 643 3046 1676 2643 1431 2713 1270 -1 -1 2897 1273 2952 1446 2955 1606 3046 643 1494 652 882 734 425 873 1352 1491 -1 -1 -1 -1 1473 1340 1461 1512 1434 1676
DSC05591.jpgA 1409 1202 2453 1566 -1 -1 -1 -1 -1 -1 -1 -1 -1 -1 -1 -1 1409 1270 2039 1202 2298 1311 2411 1532 2157 1566 2067 1521 2021 1447 -1 -1 -1 -1 2453 1507
DSC05594.jpgA 1282 661 3419 1867 1355 1797 1343 1546 1370 1346 -1 -1 1519 1322 1549 1497 1282 661 2843 900 3228 1140 3419 1679 2622 1867 2588 1734 2561 1567 -1 -1 -1 -1 3028 1761
DSC05600.jpgA 373 919 2297 1600 931 1600 743 1591 794 1446 -1 -1 -1 -1 -1 -1 373 1179 1719 919 2082 970 2297 1270 1819 1352 -1 -1 -1 -1 -1 -1 -1 -1 -1 -1
DSC05605.jpgA 694 779 2731 1737 2343 1643 2388 1461 2425 1288 2588 1349 2573 1543 2558 1737 2731 779 1319 794 791 1231 694 1679 -1 -1 -1 -1 -1 -1 1401 1388 1349 1561 1297 1709
DSC05607.jpgA 646 655 3246 1891 837 1891 813 1667 837 1491 -1 -1 -1 -1 943 1858 646 655 2337 779 2931 879 3246 1361 2161 1837 2182 1670 2234 1482 -1 -1 -1 -1 2040 1597
DSC05612.jpgA 728 728 3376 1943 -1 -1 -1 -1 -1 -1 3049 1546 3055 1758 3004 1943 3376 728 1437 812 879 1225 728 1715 1928 1597 1879 1449 -1 -1 1597 1500 1576 1673 1491 1846
DSC05613.jpgA 1173 531 2540 1852 2179 1382 2207 1222 -1 -1 2473 1128 2443 1306 2413 1488 2540 531 1513 703 1228 1352 1173 1852 -1 -1 -1 -1 -1 -1 1761 1322 1725 1482 1716 1643
DSC05615.jpgA 955 1022 3046 1670 -1 -1 -1 -1 -1 -1 2543 1497 2491 1649 2261 1670 3046 1306 1673 1022 1201 1109 955 1458 -1 -1 -1 -1 -1 -1 1604 1446 1410 1485 1234 1512
DSC05616.jpgA 991 782 2431 1367 1097 1361 1085 1219 1125 1100 -1 -1 1028 1167 991 1315 1025 782 1985 800 2307 867 2431 1112 1952 1367 1961 1261 1958 1149 -1 -1 -1 -1 2007 1328
DSC05618.jpgA 1237 655 2776 1740 2604 1473 2601 1273 2591 1088 2734 1173 2719 1331 2734 1537 2776 655 1546 937 1243 1364 1237 1740 -1 -1 -1 -1 -1 -1 1773 1325 1758 1488 1752 1652
DSC05619.jpgA 710 688 2997 1143 -1 -1 -1 -1 -1 -1 -1 -1 -1 -1 -1 -1 2997 731 -1 -1 1040 688 710 919 937 1091 -1 -1 -1 -1 1413 1076 1246 1097 1016 1143
DSC05620.jpgA 670 997 3228 1728 1370 1728 1119 1706 1082 1528 -1 -1 -1 -1 -1 -1 670 1167 2273 1003 2822 997 3061 1388 -1 -1 -1 -1 -1 -1 -1 -1 -1 -1 3228 1488
DSC05622.jpgA 616 985 3137 1631 1252 1631 1016 1612 991 1422 -1 -1 -1 -1 -1 -1 616 1109 2261 985 2755 1067 3137 1346 -1 -1 -1 -1 2258 1564 -1 -1 -1 -1 -1 -1
DSC05623.jpgA 1444 636 2832 1538 1604 1334 1566 1204 1542 1110 -1 -1 1744 1106 1806 1248 1444 636 2510 746 2832 1178 2818 1538 2250 1438 2260 1324 2246 1194 -1 -1 -1 -1 2510 1370
DSC05624.jpgA 1387 750 3054 1576 1546 1467 1515 1339 1487 1237 -1 -1 1683 1233 1739 1370 1387 750 2393 830 2767 1028 3054 1359 2193 1576 2200 1465 2198 1317 -1 -1 -1 -1 2450 1467
DSC05625.jpgA 1394 940 3358 1773 -1 -1 -1 -1 -1 -1 -1 -1 -1 -1 -1 -1 1394 1515 2570 961 3085 940 3358 1082 2825 1773 2782 1643 2761 1494 -1 -1 -1 -1 2628 1649
DSC05627.jpgA 1208 503 2712 1252 1370 1252 1352 1120 1380 988 -1 -1 1456 1041 1476 1174 1208 503 2406 520 2697 877 2712 1162 2223 1202 2230 1100 2226 992 -1 -1 -1 -1 -1 -1
DSC05630.jpgA 567 776 3685 1897 -1 -1 -1 -1 -1 -1 3040 1600 3031 1822 2710 1897 3685 1049 1564 776 897 925 567 1394 -1 -1 -1 -1 -1 -1 1497 1431 1273 1631 1564 1640
DSC05632.jpgA 722 440 3328 1770 2934 1485 2985 1249 -1 -1 3231 1225 3285 1412 3328 1649 3291 440 1391 594 722 725 -1 -1 -1 -1 -1 -1 -1 -1 1513 1373 1494 1555 1467 1770
DSC05634.jpgA 1410 703 3670 1691 1958 1646 1834 1494 1794 1309 -1 -1 1428 1252 1410 1455 1425 740 2970 703 3479 931 3670 1358 2567 1691 2679 1576 2737 1352 -1 -1 -1 -1 2828 1543
DSC05636.jpgA 1644 514 2774 1410 2442 1204 2486 1080 -1 -1 2742 990 2704 1112 2680 1224 2774 514 2016 714 1678 1050 1644 1382 2048 1258 -1 -1 -1 -1 2216 1130 2202 1292 2192 1410
DSC05639.jpgA 567 525 2449 1500 2204 1391 -1 -1 -1 -1 2131 1167 2128 1322 2064 1500 2449 525 888 546 567 900 601 1291 1240 1322 1267 1143 -1 -1 1097 1134 1119 1297 1122 1485
DSC05640.jpgA 1522 709 3728 1749 1561 1725 1522 1525 1637 1364 -1 -1 1749 1491 1785 1652 1567 709 3082 997 3567 1276 3728 1670 2837 1749 3028 1737 2976 1579 -1 -1 -1 -1 -1 -1
DSC05642.jpgA 1937 1075 2673 1613 2018 1458 2000 1375 2010 1302 -1 -1 -1 -1 -1 -1 1937 1075 2530 1180 2673 1427 2643 1613 2352 1510 2365 1452 2380 1383 -1 -1 -1 -1 2438 1457
DSC05644.jpgA 1170 709 2685 1797 2567 1691 2555 1543 -1 -1 2213 1549 2191 1673 2107 1797 2685 1067 1170 709 -1 -1 -1 -1 1497 1403 -1 -1 -1 -1 1225 1231 1236 1302 1269 1369
DSC05648.jpgA 764 434 3261 1664 1694 1664 1413 1491 1125 1385 -1 -1 -1 -1 1864 1391 764 1055 2361 434 2976 600 3261 1155 2394 1482 2367 1352 2319 1182 -1 -1 -1 -1 2479 1219
DSC05649.jpgA 761 531 3037 1643 916 1643 904 1458 913 1285 -1 -1 -1 -1 982 1561 761 531 2404 622 2925 840 3037 1185 2279 1609 2301 1434 2319 1249 -1 -1 -1 -1 2134 1337
DSC05650.jpgA 949 473 3013 1461 2534 1303 2622 1155 -1 -1 2797 1103 2822 1264 2770 1461 3013 534 1516 473 1022 870 949 1222 1601 1234 -1 -1 -1 -1 1667 1064 1704 1231 1707 1452
DSC05651.jpgA 479 843 2488 1800 931 1800 822 1612 813 1458 -1 -1 643 1467 655 1655 479 843 2164 864 2488 1173 2485 1546 2043 1728 2097 1637 2028 1476 -1 -1 -1 -1 1849 1585
DSC05652.jpgA 1004 346 3479 1625 2831 1325 2949 1112 -1 -1 3246 1064 3267 1282 3237 1476 3479 346 1531 446 1004 1019 1125 1467 1904 1425 -1 -1 -1 -1 1752 1264 1779 1449 1788 1625
DSC05661.jpgA 910 849 2846 1688 1210 1688 1097 1534 1091 1370 -1 -1 -1 -1 -1 -1 910 849 2140 994 2558 1076 2846 1419 2116 1615 2237 1576 2167 1449 -1 -1 -1 -1 -1 -1
DSC05663.jpgA 758 482 3567 1728 1001 1728 964 1500 967 1276 -1 -1 -1 -1 1104 1564 758 482 2628 609 3291 1006 3567 1525 2579 1664 2540 1525 2516 1352 -1 -1 -1 -1 2404 1500
DSC05665.jpgA 901 355 2640 1734 -1 -1 -1 -1 2504 1052 2613 1012 2604 1194 2555 1370 2640 355 1513 664 1049 1012 901 1537 1504 1540 1458 1352 -1 -1 1682 1358 1646 1567 1628 1734
DSC05667.jpgA 746 512 2973 1482 2940 1349 2937 1182 -1 -1 2828 1122 2810 1270 2746 1455 2973 512 1652 528 1082 585 746 873 -1 -1 -1 -1 -1 -1 1670 1137 1670 1303 1667 1482
DSC05668.jpgA 761 415 2894 1558 1243 1425 1128 1246 1043 1061 -1 -1 840 1082 813 1312 761 415 2258 591 2782 731 2894 1097 1994 1558 2091 1419 2152 1212 -1 -1 -1 -1 2222 1394
DSC05671.jpgA 214 347 2526 1516 560 1364 498 1209 417 1049 -1 -1 629 1045 638 1228 214 347 1636 404 2333 859 2526 1326 1433 1516 1445 1361 1433 1197 -1 -1 -1 -1 1762 1290
DSC05672.jpgA 719 455 3337 1697 3073 1500 3131 1297 -1 -1 2973 1249 2961 1470 2916 1697 3337 455 1504 461 813 740 719 1197 1728 1470 -1 -1 -1 -1 1601 1300 1607 1491 1613 1688
DSC05675.jpgA 397 370 2822 1470 2313 1306 2428 1091 -1 -1 2649 1015 2685 1231 2679 1470 2822 385 1082 370 519 749 397 1273 1394 1240 -1 -1 -1 -1 1252 1076 1252 1237 1237 1422
DSC05676.jpgA 622 370 3397 1582 -1 -1 -1 -1 -1 -1 2846 1415 2525 1464 2197 1494 3397 1282 1725 370 997 655 622 1170 1597 1252 -1 -1 -1 -1 1816 1203 1755 1406 1719 1582
DSC05679.jpgA 1245 723 2960 1778 2567 1468 2607 1273 -1 -1 2721 1202 2729 1371 2700 1580 2960 723 1524 833 1245 1361 1333 1778 1621 1518 -1 -1 -1 -1 1855 1323 1843 1487 1855 1659
DSC05680.jpgA 1157 511 2715 1757 2387 1307 2404 1076 -1 -1 2546 1028 2526 1213 2491 1422 2715 511 1565 659 1187 1241 1157 1757 -1 -1 -1 -1 -1 -1 1846 1217 1811 1417 1817 1559
DSC05682.jpgA 722 437 2831 1582 2382 1397 2461 1170 -1 -1 2749 1003 2813 1212 2816 1452 2831 437 1313 591 749 1106 722 1567 1440 1500 -1 -1 -1 -1 1528 1200 1534 1376 1531 1582
DSC05683.jpgA 837 315 2746 1588 -1 -1 2479 1094 2425 940 2594 973 2564 1158 2525 1340 2746 315 1425 558 1064 1028 837 1588 1349 1519 -1 -1 -1 -1 1761 1179 1743 1361 1764 1512
DSC05684.jpgA 1052 455 2891 1725 1682 1697 1361 1558 1052 1491 -1 -1 -1 -1 2022 1576 -1 -1 1958 455 2597 734 2891 1267 1952 1725 1922 1506 1843 1267 -1 -1 2288 1425 2313 1622
DSC05688.jpgA 325 264 2852 1519 -1 -1 -1 -1 -1 -1 2522 1100 2540 1340 2510 1519 2852 364 897 264 325 934 394 1422 -1 -1 -1 -1 -1 -1 1049 1061 1058 1261 1028 1473
DSC05689.jpgA 476 446 3161 1876 2661 1615 2734 1409 2743 1158 2997 1182 3034 1443 3052 1694 3161 446 1167 519 476 1315 546 1876 -1 -1 -1 -1 -1 -1 1397 1379 1352 1612 1307 1837
DSC05690.jpgA 873 355 3252 1943 2652 1506 2752 1219 -1 -1 3019 1112 3034 1370 3001 1622 3252 355 1449 552 1001 1222 873 1943 -1 -1 -1 -1 -1 -1 1761 1415 1704 1603 1673 1767
DSC05691.jpgA 967 425 3052 1646 1073 1646 1094 1385 1201 1200 -1 -1 -1 -1 1219 1509 967 425 2725 485 3052 934 3007 1419 2497 1464 2494 1328 2507 1125 -1 -1 2301 1152 2316 1300
DSC05693.jpgA 807 240 2546 1219 2501 1219 2510 1015 2497 828 2222 849 2243 1031 2191 1219 2546 282 1070 240 807 658 916 1034 -1 -1 -1 -1 -1 -1 1331 749 1352 882 1346 1055
DSC05695.jpgA 880 632 2432 1546 1064 1431 997 1288 937 1146 -1 -1 -1 -1 996 1420 880 632 2020 1084 2344 1216 2432 1544 -1 -1 2152 1546 1988 1458 -1 -1 -1 -1 -1 -1
DSC05700.jpgA 655 388 3567 1715 2997 1455 3082 1212 -1 -1 3316 1222 3337 1461 3307 1715 3567 419 1479 388 764 1055 655 1570 1764 1264 -1 -1 -1 -1 1610 1234 1588 1415 1561 1600
DSC05703.jpgA 564 219 2634 1843 2231 1355 2258 1112 -1 -1 2513 964 2485 1170 2467 1364 2634 219 1110 449 564 1294 816 1843 1349 1585 -1 -1 -1 -1 1355 1288 1325 1488 1264 1694
DSC05706.jpgA 401 376 2704 1946 952 1912 861 1622 876 1312 440 1328 504 1622 546 1946 401 543 2101 376 2622 997 2704 1640 1955 1649 1946 1452 1976 1219 -1 -1 -1 -1 -1 -1
DSC05709.jpgA 463 509 2759 1502 841 1502 789 1278 783 1104 652 1089 665 1241 730 1467 463 509 2224 511 2620 1020 2759 1491 2178 1485 2111 1346 1985 1204 -1 -1 -1 -1 -1 -1
DSC05717.jpgA 79 352 2446 1637 -1 -1 -1 -1 -1 -1 2222 1028 2270 1234 2255 1412 2446 352 628 446 143 1140 79 1637 749 1467 797 1264 -1 -1 967 1100 1040 1312 1022 1522
DSC05719.jpgA 622 894 2691 1503 958 1425 801 1400 819 1234 -1 -1 -1 -1 -1 -1 622 925 1897 894 2322 1091 2440 1503 -1 -1 -1 -1 1933 1457 -1 -1 -1 -1 2691 1395
DSC05720.jpgA 240 409 2628 1600 -1 -1 -1 -1 -1 -1 2361 1146 2373 1349 2358 1522 2628 409 834 470 258 1122 240 1597 943 1531 -1 -1 -1 -1 1031 1173 1025 1373 979 1600
DSC05721.jpgA 1370 137 3370 1734 3079 1209 -1 -1 -1 -1 3355 964 3310 1149 3255 1340 3370 137 2340 482 1722 794 1370 1312 2067 1552 -1 -1 -1 -1 2582 1325 2507 1528 2467 1734
DSC05730.jpgA 1579 776 3161 1652 2982 1525 -1 -1 -1 -1 2994 1288 2934 1455 2867 1600 3161 776 2016 834 1607 1246 1579 1564 -1 -1 -1 -1 -1 -1 2149 1355 2137 1497 2116 1652
DSC05731.jpgA 540 558 3140 1806 -1 -1 -1 -1 -1 -1 2919 1291 2916 1497 2888 1676 3140 558 1291 643 634 1273 540 1806 1340 1655 1352 1434 -1 -1 1449 1340 1534 1497 1546 1740
DSC05733.jpgA 616 397 3234 1737 825 1679 794 1415 876 1188 -1 -1 -1 -1 982 1528 616 397 2637 649 3234 1143 3225 1573 2273 1737 2307 1579 2328 1406 -1 -1 -1 -1 -1 -1
DSC05738.jpgA 422 397 3064 1664 -1 -1 -1 -1 -1 -1 2604 1279 2576 1485 2501 1664 3064 488 1146 397 491 1037 422 1500 -1 -1 -1 -1 -1 -1 1319 1176 1294 1370 1246 1540
DSC05740.jpgA 606 478 2687 1165 2133 1072 -1 -1 -1 -1 2326 1050 2341 1165 2174 1165 2687 807 1389 478 880 570 606 915 -1 -1 -1 -1 -1 -1 -1 -1 -1 -1 -1 -1
DSC05742.jpgA 713 851 2696 1693 2607 1600 -1 -1 -1 -1 2551 1379 2569 1500 2550 1651 2696 851 1531 862 1024 942 713 1095 1580 1591 1580 1458 -1 -1 1446 1413 1451 1553 1433 1693
DSC05744.jpgA 961 701 2639 1563 2465 1467 2500 1343 2530 1211 2335 1278 2359 1411 2298 1563 2639 776 1445 701 1117 895 961 1182 1507 1324 -1 -1 -1 -1 1502 1172 1576 1292 1595 1431
DSC05745.jpgA 815 622 2600 1591 2424 1378 2454 1239 -1 -1 2363 1143 2359 1302 2304 1485 2600 622 1291 787 926 1154 815 1554 1252 1591 -1 -1 -1 -1 1561 1320 1528 1437 1485 1563
DSC05746.jpgA 1029 757 2485 1582 -1 -1 -1 -1 -1 -1 2373 1273 2388 1379 2367 1499 2485 757 1419 884 1043 1227 1029 1539 1598 1457 1604 1337 -1 -1 1500 1334 1487 1448 1454 1582
DSC05749.jpgA 871 640 2629 1914 2500 1357 2486 1207 -1 -1 2619 1173 2602 1335 2571 1480 2629 640 1548 928 1102 1199 871 1657 1721 1685 -1 -1 -1 -1 1631 1595 1543 1761 1471 1914
DSC05750.jpgA 164 1121 2005 2014 -1 -1 -1 -1 -1 -1 1612 1899 1448 1940 1210 2014 2005 1690 829 1121 343 1270 164 1649 -1 -1 -1 -1 -1 -1 817 1680 800 1809 771 1935
DSC05751.jpgA 1028 787 2726 1602 2459 1472 -1 -1 -1 -1 2522 1315 2533 1446 2524 1598 2726 787 1446 846 1080 1163 1028 1463 1704 1448 -1 -1 -1 -1 1626 1326 1624 1470 1620 1602
DSC05752.jpgA 464 1228 2107 1867 -1 -1 -1 -1 -1 -1 1691 1806 1501 1815 1276 1867 2107 1652 925 1228 488 1482 464 1846 -1 -1 -1 -1 -1 -1 928 1661 822 1758 685 1861
DSC05753.jpgA 162 1403 1919 1968 -1 -1 -1 -1 -1 -1 1507 1870 1328 1885 1082 1919 1919 1600 722 1403 249 1476 162 1725 -1 -1 -1 -1 -1 -1 616 1827 465 1898 305 1968
DSC05754.jpgA 243 1079 1931 1876 -1 -1 -1 -1 -1 -1 1485 1779 1313 1819 1082 1876 1931 1588 940 1079 458 1152 243 1512 710 1655 -1 -1 -1 -1 904 1576 876 1703 846 1840
DSC05755.jpgA 874 1269 2803 1851 874 1851 987 1690 1121 1587 -1 -1 -1 -1 882 1775 1190 1292 2231 1269 2646 1428 2803 1792 -1 -1 2272 1849 2164 1708 -1 -1 -1 -1 -1 -1
DSC05758.jpgA 131 809 2082 1664 1279 1534 -1 -1 -1 -1 1776 1449 1655 1549 1467 1634 2082 1203 846 809 264 1112 131 1546 761 1482 -1 -1 -1 -1 949 1370 961 1519 958 1664
DSC05760.jpgA 950 1199 2681 1837 950 1671 1029 1540 1098 1433 -1 -1 1219 1580 1131 1683 1198 1199 2052 1237 2414 1392 2626 1778 2176 1837 2079 1761 1962 1690 -1 -1 -1 -1 2681 1702
DSC05761.jpgA 819 1131 2594 1664 819 1549 837 1449 891 1349 -1 -1 -1 -1 1101 1497 925 1131 1934 1140 2322 1234 2594 1573 2304 1664 2122 1619 1949 1588 -1 -1 -1 -1 2534 1461
DSC05762.jpgA 901 1037 2464 1891 1285 1891 1155 1815 1067 1725 -1 -1 -1 -1 1388 1803 901 1619 1828 1058 2301 1037 2464 1261 2019 1715 1985 1619 1958 1509 -1 -1 -1 -1 1934 1673
DSC05767.jpgA 831 270 3337 1940 3155 1500 3188 1237 -1 -1 3034 1103 3007 1315 2946 1606 3337 270 1394 519 831 1297 852 1940 1373 1628 -1 -1 -1 -1 1834 1297 1828 1494 1828 1679
DSC05770.jpgA 740 479 3094 1700 2758 1543 2779 1288 -1 -1 2894 1255 2901 1482 2891 1700 3094 479 1410 579 801 1149 740 1582 1652 1458 -1 -1 -1 -1 1513 1297 1519 1470 1510 1664
DSC05771.jpgA 849 267 2873 1991 1246 1991 1173 1712 1243 1525 -1 -1 -1 -1 1291 1731 849 722 2364 267 2779 282 2873 658 2594 1188 2576 1055 2579 919 -1 -1 2228 1079 2255 1276
DSC05772.jpgA 1034 658 3016 1731 2788 1479 2770 1276 -1 -1 2891 1267 2907 1461 2897 1652 3016 658 1497 731 1034 994 -1 -1 1576 1609 -1 -1 -1 -1 1673 1382 1667 1561 1637 1731
DSC05773.jpgA 1180 648 3340 1626 2840 1488 2938 1278 -1 -1 3196 1258 3222 1402 3204 1566 3340 648 1848 692 1336 970 1180 1342 1984 1506 -1 -1 -1 -1 1918 1336 1858 1482 1778 1626
DSC05774.jpgA 638 402 2776 1554 2595 1352 2619 1164 -1 -1 2471 1130 2474 1333 2414 1537 2776 402 1081 459 655 954 638 1554 1095 1335 -1 -1 -1 -1 1421 1152 1400 1328 1383 1492
DSC05776.jpgA 884 949 2636 1389 -1 -1 -1 -1 -1 -1 -1 -1 -1 -1 -1 -1 884 973 2016 949 2380 1004 2636 1296 2453 1389 2327 1373 2182 1360 -1 -1 -1 -1 -1 -1
DSC05790.jpgA 1205 1182 3073 2075 2817 1985 2849 1829 -1 -1 2905 1741 2900 1860 2868 1987 3073 1182 1746 1490 1371 1750 1205 2075 2038 1998 -1 -1 -1 -1 1908 1923 1826 2067 1977 2072
DSC05791.jpgA 1286 990 3155 1883 2833 1768 -1 -1 -1 -1 2940 1552 2919 1666 2867 1783 3155 990 1948 1352 1545 1521 1286 1799 2146 1858 -1 -1 -1 -1 1927 1752 1881 1867 2029 1883
DSC05794.jpgA 1110 1376 3504 1988 -1 -1 -1 -1 -1 -1 3188 1652 3207 1770 3004 1819 3504 1376 1910 1379 1294 1640 1110 1988 -1 -1 -1 -1 -1 -1 1967 1826 1941 1972 2108 1946
DSC05806.jpgA 837 697 2870 1882 2591 1737 -1 -1 -1 -1 2688 1337 2664 1531 2664 1752 2870 697 1394 815 907 1464 837 1882 1428 1734 1488 1528 -1 -1 1719 1400 1761 1564 1804 1770
DSC05808.jpgA 725 64 2452 1506 2094 1088 2164 928 -1 -1 2449 731 2452 925 2419 1115 2410 64 1255 625 758 988 725 1482 1555 1319 -1 -1 -1 -1 1428 1291 1346 1506 1467 1461
DSC05809.jpgA 907 685 2670 2058 2413 1622 2458 1437 -1 -1 2597 1279 2670 1376 2643 1600 2425 685 1449 1388 907 1628 -1 -1 -1 -1 -1 -1 -1 -1 1594 1915 1540 2058 1661 2055
DSC05812.jpgA 1010 885 3340 1567 -1 -1 -1 -1 -1 -1 2997 1282 3013 1428 2816 1455 3340 1058 1952 885 1397 1052 1310 1373 1010 1528 1164 1461 -1 -1 -1 -1 -1 -1 1188 1567
DSC05813.jpgA 728 888 3443 1564 -1 -1 -1 -1 -1 -1 3122 1264 3173 1391 2958 1428 3443 982 1710 888 988 1088 728 1564 -1 -1 -1 -1 -1 -1 1613 1422 1570 1561 1743 1552
DSC05815.jpgA 962 864 2631 1754 1883 1707 1748 1733 1598 1754 -1 -1 -1 -1 -1 -1 962 1652 2060 902 2355 864 2631 1007 2438 1557 2355 1454 2264 1316 -1 -1 2152 1423 2255 1516
DSC05817.jpgA 928 944 2998 1433 -1 -1 -1 -1 -1 -1 2801 1264 2840 1360 2686 1376 2998 1076 1710 944 1208 1022 928 1394 -1 -1 -1 -1 -1 -1 1728 1265 1600 1353 1477 1433
DSC05818.jpgA 1120 980 3256 1470 -1 -1 -1 -1 -1 -1 3118 1236 3130 1316 2988 1344 3256 1076 1896 980 1424 1102 1120 1434 -1 -1 -1 -1 -1 -1 1936 1336 1906 1470 2038 1462
DSC05819.jpgA 1381 929 3703 1732 3388 1519 -1 -1 -1 -1 3505 1312 3621 1308 3703 1476 3239 929 2108 1090 1511 1257 1381 1490 1925 1729 -1 -1 -1 -1 2333 1529 2256 1732 2411 1704
DSC05820.jpgA 1740 243 2797 1794 1825 1403 1801 1164 1749 922 -1 -1 2010 1079 2034 1282 1740 243 2528 573 2731 1109 2797 1755 2255 1646 2243 1458 2197 1315 -1 -1 -1 -1 2640 1794
DSC05821.jpgA 837 788 3340 1519 2779 1352 -1 -1 -1 -1 3119 1206 3146 1346 2958 1358 3340 1049 1849 788 1343 1028 1243 1388 837 1519 1016 1422 -1 -1 -1 -1 -1 -1 1088 1515
DSC05823.jpgA 1052 791 3119 1643 1197 1637 1194 1452 1231 1297 -1 -1 -1 -1 -1 -1 1052 791 2385 837 2758 897 3119 1106 2373 1643 2361 1476 2364 1337 -1 -1 -1 -1 -1 -1
DSC05827.jpgA 731 1094 3219 1637 -1 -1 -1 -1 -1 -1 2991 1397 3082 1488 2937 1567 3219 1209 1670 1094 1001 1267 731 1637 -1 -1 -1 -1 -1 -1 1597 1479 1437 1531 1255 1637
DSC05829.jpgA 716 1106 3431 1785 3004 1579 -1 -1 -1 -1 3061 1437 3249 1415 3431 1537 2894 1106 1588 1212 964 1449 716 1752 -1 -1 -1 -1 -1 -1 1655 1646 1601 1785 1734 1773
DSC05831.jpgA 1276 1149 3416 1722 1919 1722 1722 1697 1652 1519 -1 -1 -1 -1 -1 -1 1276 1303 2652 1149 3207 1225 3416 1582 2585 1691 2731 1691 2655 1540 -1 -1 -1 -1 -1 -1
DSC05832.jpgA 952 955 2752 1797 1576 1797 1410 1685 1222 1561 -1 -1 -1 -1 -1 -1 952 1434 2125 955 2546 1067 2752 1425 2340 1761 2237 1649 2082 1509 -1 -1 2401 1567 2482 1731
DSC05838.jpgA 1072 1100 2993 1562 1393 1562 1252 1559 1299 1444 -1 -1 -1 -1 -1 -1 1072 1256 2381 1100 2757 1185 2993 1503 2716 1547 2534 1535 2396 1497 -1 -1 -1 -1 -1 -1
DSC05840.jpgA 778 953 2475 1783 2199 1662 2302 1538 2249 1427 2343 1377 2446 1491 2440 1677 2475 953 1325 1294 875 1568 778 1780 -1 -1 -1 -1 -1 -1 1519 1530 1557 1662 1587 1783
DSC05842.jpgA 1140 1280 2702 1709 -1 -1 -1 -1 -1 -1 -1 -1 -1 -1 -1 -1 1140 1418 2172 1283 2549 1280 2693 1530 2631 1709 2454 1680 2302 1647 -1 -1 -1 -1 2702 1621
DSC05843.jpgA 752 1012 3340 1956 2872 1712 -1 -1 -1 -1 3319 1462 3340 1650 3169 1727 -1 -1 1952 1050 1228 1012 752 1330 907 1880 1084 1783 -1 -1 1940 1683 1784 1824 1566 1956
DSC05845.jpgA 1522 1344 3322 1962 2907 1847 -1 -1 -1 -1 3231 1694 3240 1850 3116 1885 3322 1433 2213 1344 1772 1538 1663 1962 1522 1812 -1 -1 -1 -1 2296 1774 2143 1847 1990 1906
DSC05849.jpgA 887 633 3025 1759 2925 1662 2940 1450 -1 -1 2787 1380 2781 1553 2754 1727 3025 633 1352 765 887 1080 910 1421 -1 -1 -1 -1 -1 -1 1446 1380 1449 1568 1443 1759
DSC05850.jpgA 916 559 3149 1788 2822 1665 -1 -1 -1 -1 2875 1330 2904 1538 2907 1744 3149 559 1346 706 916 1271 1019 1788 -1 -1 -1 -1 -1 -1 1634 1338 1643 1553 1646 1712
DSC05852.jpgA 1116 824 2949 1909 2843 1883 2904 1691 2913 1518 2737 1577 2790 1735 2769 1909 2949 824 1669 1212 1357 1333 1116 1609 -1 -1 -1 -1 -1 -1 1587 1680 1604 1891 1722 1897
DSC05853.jpgA 890 1215 3249 1862 3249 1862 3187 1771 2999 1750 2928 1583 3102 1615 3075 1809 3093 1288 1640 1215 1199 1291 890 1577 -1 -1 -1 -1 -1 -1 1522 1638 1413 1797 1563 1809
DSC05855.jpgA 752 650 2937 1347 2704 1347 2707 1221 2625 1144 2731 1015 2863 1115 2849 1256 2937 753 1452 650 1019 741 752 1050 -1 -1 -1 -1 -1 -1 1363 1083 1260 1233 1399 1241
DSC05857.jpgA 378 818 1649 1527 628 1512 575 1371 563 1247 -1 -1 675 1250 684 1383 378 818 1404 874 1643 1097 1649 1406 1310 1527 1304 1394 1266 1277 -1 -1 -1 -1 1522 1430
DSC05860.jpgA 1140 521 3122 1471 1343 1400 1281 1238 1304 1100 -1 -1 -1 -1 1425 1303 1140 521 2493 827 2893 1033 3122 1341 2296 1471 2428 1471 2410 1327 -1 -1 -1 -1 -1 -1
DSC05861.jpgA 1181 756 2978 1453 1496 1283 1369 1259 1366 1100 -1 -1 -1 -1 -1 -1 1181 756 2322 827 2634 1062 2669 1453 -1 -1 -1 -1 -1 -1 -1 -1 -1 -1 2978 1253
DSC05864.jpgA 875 518 3402 1833 1525 1833 1384 1791 1207 1647 -1 -1 -1 -1 -1 -1 875 1691 2169 653 2866 518 3402 630 2516 1785 2481 1624 2434 1388 -1 -1 -1 -1 2596 1800
DSC05865.jpgA 1751 1336 3220 1878 2084 1878 1973 1864 1969 1773 -1 -1 -1 -1 -1 -1 1751 1704 2660 1336 3033 1507 3220 1756 2940 1818 2840 1769 2720 1711 -1 -1 -1 -1 -1 -1
DSC05866.jpgA 1439 1495 3082 1886 1611 1811 1498 1756 1582 1706 -1 -1 -1 -1 1705 1844 1439 1631 2513 1495 2884 1586 3082 1886 2770 1870 2643 1834 2516 1814 -1 -1 -1 -1 -1 -1
DSC05869.jpgA 1490 1024 2325 1894 2260 1830 2281 1674 2284 1524 2125 1600 2169 1718 2169 1894 2325 1024 -1 -1 -1 -1 1660 1697 1734 1674 1754 1556 -1 -1 1490 1397 1496 1535 1499 1668
DSC05876.jpgA 1500 702 3261 1607 3057 1564 3084 1393 -1 -1 3066 1230 3168 1377 3189 1598 3261 702 1891 973 1545 1227 1500 1584 -1 -1 -1 -1 -1 -1 2032 1452 2048 1607 2202 1584
DSC05877.jpgA 1100 704 3045 1610 -1 -1 -1 -1 -1 -1 2847 1244 2877 1365 2833 1577 3045 704 1769 1037 1339 1282 1100 1539 1973 1555 -1 -1 -1 -1 1831 1504 1706 1610 1835 1610
DSC05878.jpgA 1308 746 2908 1590 -1 -1 -1 -1 -1 -1 2775 1306 2790 1437 2742 1590 2908 746 1762 1304 1308 1365 -1 -1 -1 -1 -1 -1 -1 -1 -1 -1 -1 -1 -1 -1
DSC05880.jpgA 1110 840 3169 1421 1502 1415 1356 1388 1408 1231 -1 -1 -1 -1 1708 1421 1110 1152 2431 840 2925 894 3115 1169 2973 1400 2813 1394 2638 1385 -1 -1 -1 -1 3169 1358
DSC05882.jpgA 749 797 2607 1871 866 1674 857 1524 878 1335 -1 -1 -1 -1 -1 -1 749 797 2072 1015 2496 1277 2607 1706 1928 1871 1910 1738 1893 1612 -1 -1 -1 -1 2154 1709
DSC05883.jpgA 921 994 2258 1577 1160 1577 1115 1471 1102 1352 -1 -1 -1 -1 -1 -1 921 1033 1919 994 2194 1279 2258 1577 1733 1552 1717 1452 1694 1315 -1 -1 -1 -1 1858 1438
DSC05884.jpgA 1037 865 2922 1374 1399 1294 1249 1288 1257 1121 -1 -1 -1 -1 -1 -1 1037 944 2252 865 2699 1068 2922 1374 -1 -1 -1 -1 -1 -1 -1 -1 -1 -1 -1 -1
DSC05886.jpgA 878 709 3434 1556 1343 1556 1166 1503 1234 1338 -1 -1 1466 1506 1657 1524 878 1209 2666 709 3193 747 3434 1247 3202 1338 3054 1283 2881 1203 -1 -1 -1 -1 -1 -1
DSC05888.jpgA 1248 793 2530 1845 1573 1559 1486 1443 1405 1300 -1 -1 -1 -1 1418 1509 1248 793 2259 970 2461 1343 2530 1818 2043 1716 2023 1618 1982 1520 -1 -1 -1 -1 2425 1845
DSC05892.jpgA 984 1138 2740 2109 2510 1974 -1 -1 -1 -1 2587 1753 2669 1927 2672 2109 2740 1147 1372 1138 984 1380 -1 -1 1581 1841 1607 1697 -1 -1 1405 1691 1390 1847 1343 1994
DSC05893.jpgA 596 994 2696 1912 -1 -1 -1 -1 -1 -1 2510 1600 2522 1768 2502 1912 2696 994 1278 1009 746 1306 596 1709 1346 1841 -1 -1 -1 -1 1446 1603 1469 1750 1505 1868
DSC05894.jpgA 1560 865 3084 1806 2231 1680 -1 -1 -1 -1 2546 1733 2366 1774 2122 1806 3084 1671 2231 903 1772 865 1560 1203 1816 1615 1866 1465 -1 -1 2157 1438 2063 1568 1963 1727
DSC05897.jpgA 2360 894 3216 1821 2360 1338 2363 1235 2360 1109 -1 -1 2643 1347 2666 1477 -1 -1 3034 894 3172 1215 3216 1821 2840 1759 2825 1615 2760 1433 -1 -1 -1 -1 -1 -1
DSC05905.jpgA 1102 598 2992 1106 1450 1102 1348 1058 1388 938 -1 -1 1571 1094 1687 1100 1102 888 2333 598 2808 642 2992 864 2851 1106 2713 1096 2540 1089 -1 -1 -1 -1 2991 1062
DSC05908.jpgA 690 370 2835 1504 2150 1247 2235 1060 -1 -1 2688 887 2770 1032 2835 1170 2552 370 1410 514 878 927 690 1397 1552 1370 -1 -1 -1 -1 1530 1207 1465 1374 1415 1504
DSC05912.jpgA 178 838 2207 1897 2143 1650 -1 -1 -1 -1 2102 1415 2099 1580 2057 1730 2207 838 855 930 328 1300 178 1762 1046 1824 1078 1653 -1 -1 966 1544 866 1721 760 1897
DSC05916.jpgA 1205 688 2731 1706 -1 -1 -1 -1 -1 -1 2552 1238 2531 1365 2472 1488 2731 688 1569 853 1231 1318 1205 1706 1634 1494 1666 1368 -1 -1 1855 1285 1902 1433 1928 1565
DSC05917.jpgA 881 841 3387 1506 1413 1503 1216 1506 1243 1347 -1 -1 -1 -1 -1 -1 881 1003 2563 841 3113 947 3387 1318 2487 1488 2643 1462 2513 1312 -1 -1 -1 -1 -1 -1
DSC05920.jpgA 1493 521 3846 1753 1540 1553 1543 1380 1546 1174 1757 1165 1722 1306 1713 1497 1493 521 3263 535 3846 953 -1 -1 2978 1753 2960 1559 2955 1324 -1 -1 -1 -1 3049 1618
DSC05926.jpgA 660 544 2796 1762 2678 1459 -1 -1 -1 -1 2675 1185 2752 1347 2796 1538 2722 544 1137 744 660 1183 -1 -1 1360 1668 -1 -1 -1 -1 1410 1388 1428 1577 1457 1762
DSC05928.jpgA 1704 1044 2908 1388 -1 -1 -1 -1 -1 -1 2729 1315 2758 1388 2640 1381 2908 1202 2125 1044 1856 1087 1704 1262 -1 -1 -1 -1 -1 -1 -1 -1 -1 -1 -1 -1
DSC05931.jpgA 1237 397 2863 1341 1405 1341 1393 1171 1428 977 -1 -1 -1 -1 -1 -1 1237 397 2749 444 -1 -1 -1 -1 2863 1195 2789 1092 2718 981 -1 -1 2344 1014 2322 1151
DSC05934.jpgA 1446 875 2935 1708 2831 1681 2854 1512 2865 1362 2760 1385 2794 1544 2779 1708 2935 875 1712 931 1446 1146 -1 -1 -1 -1 -1 -1 -1 -1 1862 1392 1856 1517 1854 1654
DSC05935.jpgA 710 530 2696 1571 2613 1509 2622 1321 2616 1165 2452 1197 2460 1362 2437 1559 2696 530 1075 644 710 1127 734 1571 -1 -1 -1 -1 -1 -1 1310 1235 1337 1385 1346 1524
DSC05937.jpgA 557 494 2652 1468 2225 1418 2290 1274 -1 -1 2346 1085 2390 1256 2375 1468 2652 494 1055 588 752 847 557 1253 -1 -1 -1 -1 -1 -1 1067 1122 1040 1252 1003 1375
DSC05938.jpgA 1434 709 3455 1753 1560 1685 1555 1468 1552 1315 -1 -1 -1 -1 -1 -1 1434 709 2855 727 3305 862 3455 1347 2810 1753 2781 1591 2734 1403 -1 -1 2972 1491 3013 1641
DSC05939.jpgA 1034 600 3540 1685 1187 1638 1157 1468 1155 1280 -1 -1 1255 1418 1252 1591 1034 600 2619 659 3210 783 3540 1197 2478 1685 2484 1538 2472 1327 -1 -1 -1 -1 2587 1585
DSC05947.jpgA 1137 721 3363 1818 1407 1818 1387 1627 1378 1462 -1 -1 1278 1553 1305 1794 1137 809 2693 721 3225 788 3363 1233 2807 1683 2790 1524 2772 1315 -1 -1 -1 -1 -1 -1
DSC05950.jpgA 1199 747 2687 1615 1487 1506 1410 1365 1396 1221 -1 -1 1307 1297 1331 1450 1199 747 2334 880 2605 1168 2687 1556 2184 1615 2155 1497 2116 1380 -1 -1 -1 -1 2360 1500
DSC05955.jpgA 952 503 3431 1794 1457 1588 1337 1427 1275 1197 1102 1153 1105 1338 1202 1559 952 503 2596 1033 3037 1174 3431 1583 2616 1794 2784 1759 2634 1603 -1 -1 -1 -1 -1 -1
DSC05956.jpgA 693 1115 3269 1824 1134 1665 890 1635 1028 1491 -1 -1 -1 -1 -1 -1 693 1133 2384 1115 2955 1224 3269 1694 2490 1824 2619 1774 2428 1671 -1 -1 -1 -1 -1 -1
DSC05957.jpgA 510 1121 3028 1835 1022 1668 781 1665 810 1524 -1 -1 -1 -1 -1 -1 510 1133 2169 1121 2722 1153 3028 1600 2696 1835 2531 1783 2305 1750 -1 -1 -1 -1 -1 -1
DSC05962.jpgA 772 930 3040 1553 1275 1547 1084 1553 1087 1421 -1 -1 -1 -1 -1 -1 772 1238 2184 930 2813 965 3040 1383 2113 1524 2278 1500 2193 1374 -1 -1 -1 -1 -1 -1
DSC05966.jpgA 698 1027 2289 1459 959 1459 820 1459 859 1352 -1 -1 -1 -1 -1 -1 698 1236 1684 1027 1873 1118 1955 1448 2230 1430 2105 1425 -1 -1 -1 -1 2182 1323 2289 1389
DSC05967.jpgA 675 1080 2184 1533 890 1500 766 1506 805 1391 -1 -1 -1 -1 -1 -1 675 1244 1619 1080 1687 1241 1705 1533 2184 1465 2057 1483 -1 -1 -1 -1 -1 -1 -1 -1
DSC05968.jpgA 884 983 2440 1533 1105 1524 984 1533 1013 1415 -1 -1 -1 -1 -1 -1 884 1241 1784 1059 2043 983 2160 1174 2399 1480 2225 1459 2010 1450 2243 1312 2328 1388 2440 1433
DSC05973.jpgA 1437 762 3016 1609 1607 1600 1569 1447 1537 1324 -1 -1 -1 -1 -1 -1 1437 788 2528 762 2893 880 3016 1265 2575 1568 2519 1456 2410 1344 -1 -1 2763 1465 2810 1609
DSC05977.jpgA 613 624 2528 1797 1013 1797 949 1574 952 1397 -1 -1 -1 -1 1063 1685 613 733 2078 624 2475 1000 2528 1394 2052 1409 2040 1271 2037 1124 -1 -1 1905 1188 1937 1333
DSC05979.jpgA 1399 515 2787 1521 1969 1521 1805 1503 1599 1485 -1 -1 -1 -1 -1 -1 1399 1456 2202 656 2669 515 2787 703 2434 1435 2387 1315 2322 1127 2593 1130 2655 1259 2737 1385
DSC05980.jpgA 1216 568 2996 1435 1781 1435 1640 1424 1455 1418 -1 -1 -1 -1 -1 -1 1216 1321 2181 568 2693 580 2996 883 2287 1344 2257 1230 2216 1062 2428 1094 2499 1212 2581 1318
DSC05981.jpgA 1475 450 3216 1418 1922 1418 1793 1383 1719 1212 -1 -1 2031 1309 2278 1318 1475 1088 2634 450 3078 588 3216 921 2555 1221 2607 1097 2655 906 -1 -1 -1 -1 2457 1168
DSC05982.jpgA 1346 538 3269 1480 1643 1480 1602 1291 1590 1109 -1 -1 -1 -1 1696 1430 1346 538 2849 547 3269 965 3246 1424 2693 1391 2690 1250 2707 1024 -1 -1 2560 1144 2578 1303
DSC05987.jpgA 660 1056 3255 1615 3028 1553 -1 -1 -1 -1 3140 1356 3255 1421 3216 1547 3255 1183 1572 1056 860 1297 660 1497 1499 1615 -1 -1 -1 -1 1663 1406 1702 1597 1905 1606
DSC05989.jpgA 1075 844 2449 1735 -1 -1 -1 -1 -1 -1 2319 1294 2299 1441 2299 1577 2449 844 1375 1047 1075 1409 1102 1735 -1 -1 -1 -1 -1 -1 1552 1424 1540 1550 1543 1691
DSC05992.jpgA 990 431 2742 1210 1162 1196 1152 1050 1175 912 -1 -1 -1 -1 1256 1210 990 431 2242 442 2573 554 2742 902 2306 1115 2219 992 2152 898 -1 -1 -1 -1 2194 1088
DSC05993.jpgA 749 480 3213 983 2896 983 -1 -1 -1 -1 2919 783 3075 859 3213 983 2910 553 1484 480 846 659 749 938 1278 977 -1 -1 -1 -1 1496 806 1487 968 1640 983
DSC05996.jpgA 1849 291 2928 1233 1922 1206 1940 1012 2010 838 1849 844 1887 1030 1960 1233 1878 291 2928 441 -1 -1 -1 -1 2837 1147 2825 1035 2825 924 -1 -1 2484 1003 2481 1130
DSC05997.jpgA 1155 156 2899 1091 1346 1030 1313 824 1346 668 -1 -1 -1 -1 -1 -1 1155 156 2522 274 2899 741 -1 -1 2375 1091 2355 938 2334 768 -1 -1 -1 -1 2272 1024
DSC05998.jpgA 1281 97 2966 1218 1302 974 1281 788 1366 659 -1 -1 -1 -1 1463 941 1340 97 2484 694 2890 877 2966 1197 2243 1218 2384 1215 2305 1094 -1 -1 -1 -1 -1 -1
DSC06000.jpgA 896 1038 2981 1668 1057 1477 955 1385 1069 1294 -1 -1 -1 -1 896 1503 975 1038 2322 1127 2790 1265 2981 1668 2107 1644 2266 1650 2181 1503 -1 -1 -1 -1 -1 -1
DSC06003.jpgA 1012 888 3065 1417 1169 1335 1062 1262 1140 1183 -1 -1 -1 -1 1012 1365 1012 965 2392 888 2879 1004 3065 1354 2225 1417 2385 1398 2294 1267 -1 -1 -1 -1 -1 -1
DSC06004.jpgA 1107 915 3352 1647 2978 1477 -1 -1 -1 -1 3216 1274 3346 1433 3260 1459 3352 1097 1857 915 1284 1071 1113 1415 1107 1609 -1 -1 -1 -1 1890 1565 1722 1597 1540 1647
DSC06006.jpgA 2358 581 3554 1219 -1 -1 -1 -1 -1 -1 3323 985 3312 1090 3273 1219 3554 606 2665 581 2417 735 2358 994 2473 1115 -1 -1 -1 -1 2733 954 2688 1056 2650 1152
DSC06010.jpgA 622 715 3375 1438 990 1380 775 1368 884 1174 -1 -1 -1 -1 1116 1327 622 806 2499 715 3149 883 3375 1309 2431 1438 2646 1427 2452 1253 -1 -1 -1 -1 -1 -1
DSC06015.jpgA 1440 568 3528 1680 -1 -1 -1 -1 -1 -1 3128 1365 3128 1524 3081 1680 3528 594 1913 568 1440 1112 1475 1577 2219 1380 2219 1215 -1 -1 1996 1268 1934 1394 1857 1509
DSC06019.jpgA 1119 750 2899 1515 1416 1509 1363 1362 1346 1244 -1 -1 -1 -1 1502 1341 1119 750 2443 777 2819 1015 2899 1359 2219 1515 2240 1400 2269 1297 -1 -1 -1 -1 2334 1359
DSC06022.jpgA 1060 1047 2422 1841 1622 1841 1507 1747 1366 1644 -1 -1 -1 -1 -1 -1 1060 1471 1863 1047 2222 1109 2422 1380 -1 -1 1869 1577 1866 1477 -1 -1 -1 -1 -1 -1
DSC06024.jpgA 1957 762 3490 1953 -1 -1 2919 1953 2660 1903 -1 -1 -1 -1 -1 -1 1957 1765 2931 903 3363 762 3490 997 3163 1556 3163 1450 3166 1318 -1 -1 -1 -1 -1 -1
DSC06032.jpgA 1272 1059 2525 1838 1513 1838 1463 1735 1475 1635 -1 -1 1372 1633 1407 1759 1272 1168 2355 1059 2525 1197 2490 1418 2340 1688 2325 1574 2322 1468 -1 -1 -1 -1 2102 1506
DSC06037.jpgA 740 341 2702 1397 -1 -1 -1 -1 -1 -1 2549 983 2578 1156 2555 1359 2702 341 1210 577 805 953 740 1397 1502 1371 -1 -1 -1 -1 1487 1100 1549 1241 1596 1397
DSC06041.jpgA 677 583 2925 1081 842 1031 935 896 1073 881 -1 -1 -1 -1 677 1029 1110 615 2317 583 2681 675 2925 988 2035 1073 2160 1081 2152 946 -1 -1 -1 -1 2344 1048
DSC06043.jpgA 1955 458 3363 932 -1 -1 -1 -1 -1 -1 2753 800 2692 929 2524 932 3363 635 2426 458 2113 524 1955 771 -1 -1 -1 -1 -1 -1 2313 732 2226 790 2097 821
DSC06045.jpgA 769 630 3416 1394 -1 -1 -1 -1 -1 -1 3146 983 3240 1135 3055 1177 3416 815 1625 630 1122 900 1010 1394 769 1280 -1 -1 -1 -1 -1 -1 -1 -1 893 1350
DSC06046.jpgA 1046 637 3263 1221 1372 1221 1219 1212 1278 1056 -1 -1 -1 -1 -1 -1 1046 891 2516 637 3035 780 3263 1145 -1 -1 -1 -1 -1 -1 -1 -1 -1 -1 3255 1114
DSC06047.jpgA 622 762 3405 1356 -1 -1 -1 -1 -1 -1 3116 1091 3199 1253 3002 1312 3405 962 1681 762 1010 930 622 1306 1499 1356 -1 -1 -1 -1 1440 1056 1357 1159 1375 1309
DSC06048.jpgA 743 1091 3346 1588 3319 1488 3128 1468 2916 1462 2993 1283 3196 1327 3346 1435 -1 -1 1528 1091 1069 1206 743 1500 1302 1588 -1 -1 -1 -1 1531 1427 1546 1585 1690 1583
DSC06050.jpgA 1072 941 3405 1621 -1 -1 -1 -1 -1 -1 3128 1283 3155 1406 2960 1438 3405 1077 1831 941 1331 1200 1072 1621 1084 1527 -1 -1 -1 -1 -1 -1 -1 -1 -1 -1
DSC06052.jpgA 187 641 3131 1350 -1 -1 -1 -1 -1 -1 2484 1200 2507 1350 2219 1347 3131 944 1178 641 566 818 187 1244 -1 -1 -1 -1 -1 -1 -1 -1 -1 -1 -1 -1
DSC06053.jpgA 925 759 2966 1635 2678 1380 -1 -1 -1 -1 2940 1141 2966 1383 2866 1456 -1 -1 1552 759 1028 1033 925 1606 -1 -1 -1 -1 -1 -1 1831 1424 1752 1635 1896 1571
DSC06054.jpgA 963 847 3169 1450 1540 1385 1334 1365 1284 1215 -1 -1 -1 -1 -1 -1 963 938 2455 847 2902 930 3169 1259 2402 1450 2575 1441 2460 1262 -1 -1 -1 -1 -1 -1
DSC06055.jpgA 1437 900 3237 1544 2255 1524 2037 1544 1990 1403 -1 -1 -1 -1 -1 -1 1437 1191 2757 900 3055 927 3237 1203 2919 1465 3052 1444 2957 1327 -1 -1 -1 -1 -1 -1
DSC06059.jpgA 259 910 2962 1770 2683 1475 -1 -1 -1 -1 2573 1356 2754 1344 2962 1469 2259 910 1081 1136 593 1288 259 1658 -1 -1 -1 -1 -1 -1 1439 1515 1485 1770 1633 1699
DSC06060.jpgA 728 900 2949 1853 2949 1500 2716 1427 2469 1441 2605 1312 2731 1362 2807 1535 2310 900 1263 1080 728 1333 772 1853 -1 -1 -1 -1 -1 -1 1525 1559 1505 1794 1634 1721
DSC06061.jpgA 881 1056 2878 1547 -1 -1 -1 -1 -1 -1 2502 1380 2437 1515 2202 1547 2878 1203 1560 1056 1175 1124 881 1441 -1 -1 -1 -1 -1 -1 1590 1356 1528 1488 1675 1485
DSC06062.jpgA 622 580 3687 1794 3687 1380 3337 1265 3105 1283 3228 1121 3360 1135 3431 1412 2896 580 1487 833 928 1041 622 1724 -1 -1 -1 -1 -1 -1 2016 1509 1972 1794 2122 1691
DSC06065.jpgA 1238 1019 2775 1619 2562 1402 -1 -1 -1 -1 2700 1279 2775 1350 2687 1435 2758 1019 1794 1081 1623 1263 1527 1619 1238 1456 1360 1394 -1 -1 -1 -1 -1 -1 -1 -1
DSC06069.jpgA 681 821 2160 1630 -1 -1 -1 -1 -1 -1 1649 1547 1519 1624 1378 1630 2160 1480 1257 821 837 874 681 1130 1363 1435 -1 -1 -1 -1 1128 1185 1157 1333 1146 1485
DSC06073.jpgA 1184 841 2396 1738 -1 -1 -1 -1 -1 -1 1843 1638 1737 1733 1581 1738 2396 1609 1649 841 1310 906 1184 1153 -1 -1 -1 -1 -1 -1 1478 1253 1499 1409 1475 1535
DSC06079.jpgA 1540 256 2657 1106 1796 1106 1778 921 1778 744 1555 756 1569 924 1566 1094 1540 256 2402 553 2528 641 2657 935 2322 1044 2437 1030 2422 903 -1 -1 -1 -1 -1 -1
DSC06092.jpgA 1569 1068 2581 1618 -1 -1 -1 -1 -1 -1 2555 1233 2581 1341 2493 1371 -1 -1 1931 1068 1860 1183 1893 1453 1569 1568 1596 1438 -1 -1 2049 1424 2007 1515 1949 1618
DSC06093.jpgA 996 670 2370 1528 1537 1509 -1 -1 -1 -1 -1 -1 -1 -1 -1 -1 2370 1372 1196 670 1028 1007 996 1426 1128 1528 -1 -1 -1 -1 1474 1224 1441 1363 1394 1528
DSC06094.jpgA 1069 674 2931 1600 -1 -1 -1 -1 -1 -1 2805 1294 2896 1450 2931 1600 2790 680 1672 730 1337 674 1069 809 1725 1465 1725 1315 -1 -1 1566 1218 1581 1374 1584 1544
DSC06096.jpgA 513 477 2784 1547 2034 1441 -1 -1 -1 -1 2316 1377 2360 1535 2131 1547 2784 1253 1169 477 666 759 513 1162 1310 1265 -1 -1 -1 -1 1169 1103 1149 1274 1116 1438
DSC06097.jpgA 760 497 2125 1377 1963 1330 -1 -1 -1 -1 1963 1044 2049 1185 2125 1377 2087 497 1007 574 760 791 793 1083 1340 1180 1325 1038 -1 -1 1096 1003 1116 1130 1107 1285
DSC06098.jpgA 607 350 3413 1694 3190 1647 -1 -1 -1 -1 3216 1203 3278 1430 3305 1694 3413 350 1322 371 734 741 607 1259 1581 1465 1622 1244 -1 -1 1396 1191 1378 1380 1322 1615
DSC06103.jpgA 1555 883 2806 1867 1555 1485 1565 1358 1588 1254 -1 -1 1756 1346 1788 1469 1571 883 2504 1242 2671 1508 2806 1867 -1 -1 2419 1735 2308 1610 -1 -1 -1 -1 -1 -1
DSC06104.jpgA 1712 779 3006 1758 1742 1446 1731 1335 1712 1217 -1 -1 -1 -1 -1 -1 1806 779 2431 1396 2683 1546 3006 1758 -1 -1 -1 -1 -1 -1 -1 -1 -1 -1 -1 -1
DSC06108.jpgA 310 794 3128 1521 2613 1444 -1 -1 -1 -1 2878 1221 2957 1353 2752 1433 3128 794 1249 797 687 924 310 1430 -1 -1 -1 -1 -1 -1 1178 1368 990 1435 787 1521
DSC06109.jpgA 390 721 2887 1435 2269 1403 -1 -1 -1 -1 2566 1200 2616 1335 2413 1377 2887 885 1284 777 746 721 390 988 690 1259 -1 -1 -1 -1 1028 1300 840 1385 663 1435
DSC06110.jpgA 1570 526 2658 1073 2130 965 -1 -1 -1 -1 2359 1015 2250 1014 2139 1011 2658 927 2092 526 1706 611 1570 832 1864 1024 1888 927 -1 -1 2065 900 2026 986 1982 1073
DSC06114.jpgA 834 483 2699 1691 2537 1668 -1 -1 -1 -1 2502 1309 2581 1462 2596 1691 2699 483 1205 677 896 1003 834 1465 1722 1477 1702 1300 -1 -1 1405 1244 1440 1415 1422 1609
DSC06117.jpgA 1223 762 2825 1479 1450 1479 1408 1362 1383 1237 1490 1210 1487 1344 1517 1467 1223 842 2254 762 2646 867 2825 1163 2171 1413 2167 1319 2167 1196 -1 -1 -1 -1 -1 -1
DSC06120.jpgA 1521 538 3033 1423 1610 1303 1602 1152 1652 1025 -1 -1 1710 1115 1715 1260 1521 538 2802 704 3033 1058 2973 1423 2540 1346 2531 1246 2531 1125 -1 -1 -1 -1 -1 -1
DSC06122.jpgA 543 727 2952 1341 1181 1341 969 1324 931 1171 -1 -1 -1 -1 -1 -1 543 927 2034 727 2628 800 2952 1159 2002 1294 2146 1288 2096 1138 -1 -1 -1 -1 -1 -1
DSC06123.jpgA 675 662 2543 1662 2422 1485 -1 -1 -1 -1 2410 1180 2493 1318 2516 1521 2543 662 1084 791 675 1133 -1 -1 1260 1585 -1 -1 -1 -1 1307 1341 1343 1485 1346 1662
DSC06127.jpgA 1655 765 3599 1724 -1 -1 -1 -1 -1 -1 3331 1383 3316 1544 3266 1724 3599 844 2057 765 1655 1221 1690 1662 2205 1535 -1 -1 -1 -1 2202 1247 2190 1388 2146 1562
DSC06135.jpgA 507 433 2563 1474 2443 1424 2487 1244 2487 1053 2246 1118 2299 1277 2228 1474 2563 433 1052 747 763 897 507 1277 -1 -1 -1 -1 -1 -1 993 1253 960 1415 1102 1430
DSC06136.jpgA 572 577 2675 1580 2599 1550 2675 1306 2587 1188 2396 1265 2531 1359 2469 1580 2560 577 1249 885 828 980 572 1353 990 1518 896 1430 1057 1344 -1 -1 -1 -1 -1 -1
DSC06138.jpgA 463 791 3234 1583 1007 1583 784 1583 840 1394 -1 -1 -1 -1 1196 1562 463 1106 2207 877 2796 791 3234 1041 3066 1485 2878 1474 2569 1435 -1 -1 -1 -1 -1 -1
DSC06139.jpgA 487 985 3552 1774 1128 1765 849 1774 922 1571 -1 -1 -1 -1 1319 1750 487 1309 2410 985 3178 1097 3552 1597 3178 1665 2952 1621 2622 1553 -1 -1 -1 -1 -1 -1
DSC06140.jpgA 949 518 3078 1509 1952 1509 1687 1483 1434 1433 -1 -1 -1 -1 1910 1441 949 1380 2181 518 2719 538 3078 762 2499 1421 2416 1271 2343 1080 -1 -1 2240 1185 2296 1324
DSC06142.jpgA 778 1183 3266 1833 2702 1724 -1 -1 -1 -1 2981 1535 3060 1677 2869 1744 3266 1183 1502 1209 1057 1306 778 1683 -1 -1 -1 -1 -1 -1 1446 1668 1419 1833 1587 1818
DSC06145.jpgA 1095 520 2459 1548 -1 -1 2311 1243 2268 1095 2395 1075 2389 1273 2355 1450 2459 520 1377 686 1095 1070 1132 1543 1295 1523 -1 -1 -1 -1 1661 1211 1655 1386 1648 1548
DSC06151.jpgA 157 524 2531 1644 -1 -1 -1 -1 -1 -1 2331 1109 2337 1312 2266 1497 2531 524 969 671 516 815 157 1235 1022 1568 1052 1403 -1 -1 1287 1280 1313 1447 1325 1644
DSC06152.jpgA 1019 1103 3163 1762 -1 -1 -1 -1 -1 -1 2687 1580 2613 1753 2381 1762 3163 1444 1790 1103 1269 1130 1090 1433 1019 1618 -1 -1 -1 -1 1628 1671 1460 1685 1255 1680
DSC06156.jpgA 687 788 2902 1524 1413 1485 1205 1524 1219 1330 -1 -1 -1 -1 -1 -1 687 1174 2075 788 2572 788 2902 1044 -1 -1 -1 -1 -1 -1 -1 -1 -1 -1 -1 -1
DSC06157.jpgA 1572 447 3602 1385 -1 -1 -1 -1 -1 -1 -1 -1 -1 -1 -1 -1 1572 1047 2807 447 3355 621 3602 1062 2407 1385 2437 1244 2484 1062 -1 -1 2752 1183 2707 1338
DSC06160.jpgA 752 841 3384 1447 2952 1447 -1 -1 -1 -1 3169 1191 3322 1303 3184 1397 3384 1012 1687 841 1125 997 752 1427 -1 -1 -1 -1 -1 -1 1587 1168 1546 1297 1475 1441
DSC06161.jpgA 631 903 3331 1541 2828 1471 -1 -1 -1 -1 3002 1241 3125 1412 2955 1480 3331 1112 1616 903 1060 1062 631 1430 1331 1494 -1 -1 -1 -1 1490 1385 1522 1541 1690 1538
DSC06163.jpgA 784 900 3166 1591 2637 1480 -1 -1 -1 -1 2896 1277 2981 1435 2813 1474 3166 1103 1463 900 963 1171 899 1591 784 1535 -1 -1 -1 -1 -1 -1 -1 -1 -1 -1
DSC06167.jpgA 846 630 2251 1457 986 1457 930 1354 846 1238 -1 -1 -1 -1 1403 1352 -1 -1 1578 630 2008 765 2251 1168 1638 1360 1605 1260 1535 1146 -1 -1 1708 1214 1708 1338
DSC06170.jpgA 905 344 3155 1691 1175 1447 1131 1230 1116 1018 -1 -1 1246 1218 1269 1433 905 344 2787 533 3155 1141 3087 1691 2334 1530 2325 1353 2319 1135 -1 -1 -1 -1 2419 1465
DSC06174.jpgA 1010 527 2631 1309 1207 1309 1175 1171 1187 1033 -1 -1 1084 1100 1102 1271 1010 559 2125 568 2425 527 2631 674 2181 1259 2175 1144 2169 991 -1 -1 -1 -1 2096 1200
DSC06175.jpgA 1599 694 3240 1550 2905 1524 -1 -1 -1 -1 2975 1206 2999 1362 2993 1550 3240 730 1952 694 1631 1053 1599 1409 2290 1312 2269 1171 -1 -1 2084 1141 2057 1265 2010 1388
DSC06176.jpgA 912 548 2160 1027 1950 979 2058 888 -1 -1 2044 794 2131 862 2119 983 2160 548 1356 667 1073 756 912 988 -1 -1 -1 -1 -1 -1 1421 900 1417 1012 1504 1027
DSC06178.jpgA 563 850 2734 1400 -1 -1 -1 -1 -1 -1 2287 1224 2284 1374 2069 1400 2734 1065 1231 850 849 994 563 1344 1131 1383 -1 -1 -1 -1 1219 1124 1102 1230 984 1330
DSC06180.jpgA 805 735 3113 1744 993 1712 952 1541 984 1374 -1 -1 -1 -1 -1 -1 805 735 2337 800 2746 903 3113 1212 2331 1744 2302 1600 2269 1430 -1 -1 -1 -1 2228 1671
DSC06182.jpgA 1663 839 3163 1791 1807 1791 1802 1606 1813 1465 -1 -1 -1 -1 -1 -1 1663 839 2933 917 3163 1154 -1 -1 2915 1667 2889 1557 2876 1413 -1 -1 2639 1422 2630 1557
DSC06183.jpgA 1166 697 2819 1527 -1 -1 -1 -1 -1 -1 2331 1456 2175 1494 1946 1527 2819 1468 1843 697 1372 788 1166 1150 -1 -1 -1 -1 -1 -1 1743 1191 1684 1303 1631 1418
DSC06184.jpgA 905 621 2716 1474 -1 -1 -1 -1 -1 -1 2334 1371 2237 1474 2052 1468 2716 1294 1581 621 1146 706 905 1003 1719 1253 -1 -1 -1 -1 1540 1065 1487 1194 1472 1330
DSC06190.jpgA 1010 721 3325 1706 -1 -1 -1 -1 -1 -1 -1 -1 -1 -1 -1 -1 1010 1706 2443 721 2984 891 3325 1321 2602 1697 2549 1588 2496 1400 -1 -1 -1 -1 2437 1565
DSC06192.jpgA 574 769 2291 1484 2237 1395 2291 1253 -1 -1 2087 1249 2182 1318 2129 1484 2213 769 1089 1013 761 1057 574 1360 -1 -1 -1 -1 -1 -1 913 1382 771 1374 766 1448
DSC06193.jpgA 530 998 2354 1506 -1 -1 -1 -1 -1 -1 2157 1368 2243 1449 2119 1506 2354 998 1073 1033 754 1133 530 1414 -1 -1 -1 -1 -1 -1 946 1411 827 1403 711 1446
DSC06194.jpgA 1872 824 3063 1859 1925 1377 1899 1206 1872 1059 -1 -1 -1 -1 -1 -1 -1 -1 2834 824 3043 1318 3063 1859 2463 1559 2452 1391 2437 1238 -1 -1 -1 -1 -1 -1
DSC06200.jpgA 1366 706 2463 1721 2163 1247 2199 1091 -1 -1 2434 968 2452 1097 2463 1212 -1 -1 1640 706 1419 1215 1366 1721 -1 -1 -1 -1 -1 -1 1887 1280 1857 1415 1855 1535
DSC06205.jpgA 1396 1171 2902 1588 1769 1588 1637 1559 1666 1441 -1 -1 -1 -1 -1 -1 1396 1318 2337 1171 2678 1253 2902 1503 2352 1585 2440 1583 2399 1438 -1 -1 -1 -1 -1 -1
DSC06207.jpgA 1678 762 3402 1547 1825 1530 1796 1353 1807 1215 -1 -1 1922 1288 1931 1453 1678 765 2910 762 3360 980 3402 1377 2872 1547 2837 1418 2816 1265 -1 -1 -1 -1 2731 1459
images_12.jpgA 29 18 224 133 219 115 214 98 206 84 222 81 224 98 224 116 211 18 123 87 59 104 29 133 -1 -1 -1 -1 -1 -1 -1 -1 -1 -1 -1 -1
OIP.jpgA 45 42 226 137 54 97 52 84 45 65 -1 -1 -1 -1 78 88 -1 -1 138 42 185 71 226 137 89 127 100 118 109 102 -1 -1 -1 -1 162 136
OIP_100.jpgA 74 151 322 287 94 265 74 258 76 231 -1 -1 -1 -1 -1 -1 -1 -1 214 151 280 196 322 287 180 274 198 287 189 261 -1 -1 -1 -1 -1 -1
OIP_103.jpgA 70 57 342 336 319 289 332 255 337 222 282 262 284 295 273 336 342 89 131 57 70 123 74 177 -1 -1 -1 -1 -1 -1 142 193 152 230 156 273
OIP_107.jpgA 46 133 400 351 51 339 46 297 49 272 -1 -1 -1 -1 -1 -1 49 133 259 146 347 145 400 154 268 351 267 317 267 284 -1 -1 -1 -1 -1 -1
OIP_108.jpgA 45 38 348 329 78 236 76 212 70 190 -1 -1 100 205 108 233 45 38 227 114 297 161 348 276 211 329 208 301 202 275 -1 -1 -1 -1 254 305
OIP_11.jpgA 79 31 243 138 79 121 79 108 81 95 -1 -1 131 103 137 120 100 31 188 50 222 63 243 103 190 138 185 123 177 107 -1 -1 -1 -1 178 131
OIP_12.jpgA 109 28 273 129 251 81 -1 -1 -1 -1 243 65 237 84 228 99 273 28 152 39 111 71 109 129 -1 -1 -1 -1 -1 -1 161 93 160 106 157 120
OIP_121.jpgA 48 144 382 320 89 320 62 317 77 278 -1 -1 -1 -1 -1 -1 48 227 237 175 295 144 382 209 336 311 271 311 268 271 -1 -1 -1 -1 339 288
OIP_13.jpgA 29 51 254 161 -1 -1 -1 -1 -1 -1 226 125 233 142 235 161 254 55 107 51 54 68 29 116 -1 -1 -1 -1 -1 -1 114 113 117 131 118 150
OIP_130.jpgA 41 132 315 337 265 296 -1 -1 -1 -1 279 265 281 300 276 337 315 156 112 132 53 231 41 323 162 302 156 278 -1 -1 139 266 137 298 133 330
OIP_132.jpgA 29 93 380 331 378 280 -1 -1 -1 -1 380 220 373 256 360 289 -1 -1 161 93 69 154 29 279 174 294 174 262 -1 -1 207 253 212 291 216 331
OIP_136.jpgA 32 106 390 356 351 347 361 296 -1 -1 337 278 342 313 338 356 390 124 124 106 46 220 32 313 -1 -1 -1 -1 -1 -1 166 274 166 307 158 341
OIP_137.jpgA 45 87 367 323 75 305 62 235 82 197 -1 -1 45 222 52 288 52 87 249 112 318 181 367 287 269 323 248 286 219 250 -1 -1 -1 -1 -1 -1
OIP_141.jpgA 26 89 358 371 -1 -1 -1 -1 -1 -1 326 292 334 330 330 371 358 196 187 114 92 89 26 174 155 314 -1 -1 -1 -1 163 240 133 258 132 293
OIP_142.jpgA 194 37 325 352 301 256 -1 -1 -1 -1 321 202 317 233 315 266 325 90 -1 -1 204 37 194 119 224 352 223 314 219 263 269 229 265 262 258 295
OIP_144.jpgA 47 87 382 347 74 330 65 272 78 238 124 270 141 310 163 347 47 152 287 87 372 153 382 328 263 344 261 313 256 273 -1 -1 -1 -1 -1 -1
OIP_145.jpgA 47 37 347 328 78 233 75 210 70 188 -1 -1 102 210 108 231 47 37 249 118 300 167 347 275 211 328 208 304 207 280 -1 -1 -1 -1 254 307
OIP_146.jpgA 92 162 356 358 135 358 131 325 137 294 94 274 94 309 95 347 92 162 323 173 356 278 -1 -1 267 338 269 310 269 281 -1 -1 -1 -1 -1 -1
OIP_15.jpgA 29 22 241 136 59 110 53 95 53 78 -1 -1 35 81 29 98 33 22 184 33 230 83 241 130 185 136 178 120 163 103 -1 -1 -1 -1 165 126
OIP_150.jpgA 64 81 330 326 284 244 286 216 -1 -1 324 197 318 228 312 265 330 81 173 146 112 220 64 316 180 282 -1 -1 -1 -1 215 272 214 300 212 326
OIP_152.jpgA 82 170 356 318 94 300 87 263 110 241 -1 -1 -1 -1 82 315 86 187 256 170 314 184 356 264 237 315 255 313 253 282 -1 -1 271 294 271 318
OIP_156.jpgA 32 95 295 358 248 358 252 337 248 315 -1 -1 289 307 289 327 295 170 123 110 53 95 32 116 144 243 -1 -1 -1 -1 90 219 90 240 86 263
OIP_157.jpgA 59 132 249 246 -1 -1 -1 -1 -1 -1 249 241 226 245 198 246 -1 -1 138 132 89 138 59 193 -1 -1 -1 -1 -1 -1 115 210 100 226 123 228
OIP_16.jpgA 34 28 259 109 259 87 247 73 -1 -1 229 74 241 84 246 99 227 29 116 28 70 33 34 70 -1 -1 -1 -1 -1 -1 114 76 114 91 114 109
OIP_163.jpgA 203 122 300 333 278 200 -1 -1 -1 -1 300 163 297 184 293 206 -1 -1 229 122 205 212 203 333 -1 -1 -1 -1 -1 -1 258 212 254 237 255 259
OIP_165.jpgA 58 44 329 352 -1 -1 -1 -1 -1 -1 295 129 321 138 301 176 329 44 156 160 102 203 58 311 155 326 165 300 -1 -1 208 280 204 314 197 352
OIP_168.jpgA 34 106 374 334 34 327 36 281 41 249 -1 -1 62 284 61 314 34 106 308 136 374 234 373 316 267 334 269 309 267 278 -1 -1 -1 -1 288 320
OIP_169.jpgA 60 90 347 356 64 266 60 233 61 207 -1 -1 145 242 152 267 62 90 244 160 313 222 347 318 242 356 240 325 230 293 -1 -1 -1 -1 215 296
OIP_17.jpgA 41 34 164 146 139 96 140 80 -1 -1 164 63 161 82 157 100 -1 -1 84 34 52 60 41 109 49 137 -1 -1 -1 -1 96 113 92 129 89 146
OIP_170.jpgA 49 99 294 293 261 265 -1 -1 -1 -1 273 230 283 256 286 293 294 104 138 99 85 107 49 171 189 248 181 218 -1 -1 123 204 123 231 117 256
OIP_171.jpgA 152 150 367 402 317 368 -1 -1 -1 -1 354 320 354 350 -1 -1 367 242 295 150 211 156 152 209 195 384 197 355 196 319 277 335 276 366 277 402
OIP_172.jpgA 56 122 352 348 117 338 104 299 105 267 -1 -1 73 273 76 316 56 122 296 176 352 254 345 341 245 348 248 315 252 284 -1 -1 -1 -1 -1 -1
OIP_175.jpgA 112 157 274 282 140 282 140 262 139 242 122 237 124 254 125 273 112 194 218 157 260 181 274 210 227 252 224 239 220 225 -1 -1 -1 -1 -1 -1
OIP_176.jpgA 92 51 330 389 330 365 328 333 324 302 271 325 273 356 272 389 330 147 177 66 117 51 92 108 200 231 -1 -1 -1 -1 159 205 163 240 162 274
OIP_179.jpgA 17 84 379 360 333 322 -1 -1 -1 -1 351 240 359 271 351 320 379 84 163 156 88 173 17 339 197 330 -1 -1 -1 -1 163 315 144 360 178 350
OIP_18.jpgA 72 53 176 105 78 101 77 89 81 78 -1 -1 -1 -1 -1 -1 72 53 147 53 173 70 176 93 136 105 136 97 135 88 148 92 151 101 -1 -1
OIP_181.jpgA 50 100 323 368 80 368 75 330 84 301 -1 -1 52 293 50 333 52 144 246 128 323 100 -1 -1 277 320 279 293 283 260 -1 -1 -1 -1 260 281
OIP_182.jpgA 82 114 364 312 104 312 106 268 114 237 -1 -1 88 248 89 288 82 114 286 145 348 220 364 300 256 304 255 278 260 248 -1 -1 -1 -1 241 278
OIP_183.jpgA 174 29 363 251 321 131 326 104 -1 -1 359 86 363 118 360 149 -1 -1 230 29 198 98 174 218 192 251 200 216 -1 -1 260 170 251 206 243 241
OIP_185.jpgA 27 80 402 246 369 192 373 172 -1 -1 -1 -1 402 163 397 199 -1 -1 171 80 71 136 27 224 140 229 -1 -1 -1 -1 245 177 242 211 249 246
OIP_186.jpgA 14 115 219 362 52 362 24 360 14 307 -1 -1 -1 -1 57 329 -1 -1 112 115 186 157 219 256 133 322 122 285 112 257 -1 -1 152 267 160 294
OIP_188.jpgA 92 184 274 300 -1 -1 -1 -1 -1 -1 265 266 267 283 266 300 274 186 150 184 103 202 92 234 151 269 -1 -1 -1 -1 155 250 158 267 157 286
OIP_192.jpgA 32 145 361 278 284 269 -1 -1 -1 -1 320 251 327 268 301 278 361 223 154 145 93 160 32 230 -1 -1 -1 -1 -1 -1 152 246 148 273 171 274
OIP_195.jpgA 52 33 396 341 56 317 57 280 57 243 -1 -1 94 240 98 281 52 86 245 63 312 37 396 33 250 341 254 307 254 255 -1 -1 -1 -1 262 315
OIP_196.jpgA 23 67 378 322 -1 -1 -1 -1 -1 -1 340 249 337 288 333 322 378 96 144 67 48 135 23 235 152 296 -1 -1 -1 -1 162 228 163 259 163 297
OIP_197.jpgA 83 69 362 388 325 283 328 248 -1 -1 349 237 344 280 334 326 362 69 200 107 124 131 83 207 119 371 -1 -1 -1 -1 185 362 178 388 -1 -1
OIP_199.jpgA 59 38 298 368 106 307 94 253 84 198 -1 -1 -1 -1 -1 -1 59 38 239 110 285 196 298 328 197 368 196 318 194 279 -1 -1 -1 -1 267 350
OIP_200.jpgA 53 105 397 369 89 351 83 299 82 257 108 260 103 301 103 343 53 111 273 105 362 233 397 344 249 369 245 325 240 288 -1 -1 -1 -1 -1 -1
OIP_202.jpgA 79 160 378 408 -1 -1 -1 -1 -1 -1 378 318 370 349 354 368 -1 -1 172 160 89 290 79 408 -1 -1 -1 -1 -1 -1 212 320 215 349 214 375
OIP_204.jpgA 42 111 355 354 -1 -1 -1 -1 -1 -1 324 270 327 309 322 344 355 111 90 149 42 257 65 354 134 328 139 303 142 276 172 259 185 295 189 339
OIP_205.jpgA 38 96 395 311 100 311 88 276 95 243 -1 -1 -1 -1 -1 -1 38 158 272 96 345 140 395 225 258 304 255 275 251 244 -1 -1 -1 -1 267 287
OIP_208.jpgA 128 131 351 332 275 254 271 221 -1 -1 351 183 345 214 347 253 -1 -1 189 131 147 187 128 304 238 283 -1 -1 -1 -1 236 260 213 294 200 332
OIP_209.jpgA 89 147 325 341 106 316 104 282 104 249 -1 -1 127 268 131 292 89 147 244 178 312 241 325 341 -1 -1 215 326 217 296 241 287 238 316 -1 -1
OIP_210.jpgA 65 41 288 348 231 307 234 269 -1 -1 286 232 284 265 288 311 -1 -1 191 41 92 100 65 265 -1 -1 177 298 168 264 210 232 199 283 195 348
OIP_211.jpgA 47 117 402 360 106 360 97 320 93 274 -1 -1 -1 -1 -1 -1 47 161 259 119 349 117 402 183 253 348 252 307 254 263 -1 -1 -1 -1 262 326
OIP_213.jpgA 167 65 384 246 -1 -1 -1 -1 -1 -1 342 168 345 195 342 229 384 80 215 65 167 163 168 246 -1 -1 -1 -1 -1 -1 254 177 259 208 264 240
OIP_215.jpgA 54 138 320 318 -1 -1 -1 -1 -1 -1 310 234 306 268 304 309 320 145 124 138 59 223 54 315 -1 -1 -1 -1 -1 -1 161 281 157 318 -1 -1
OIP_217.jpgA 71 54 351 375 -1 -1 -1 -1 -1 -1 303 280 305 324 296 375 351 141 154 54 89 93 71 194 210 272 207 231 -1 -1 160 220 162 262 156 311
OIP_22.jpgA 47 33 187 169 47 132 51 116 51 97 -1 -1 82 106 90 129 57 33 169 76 186 132 187 169 122 154 127 135 126 120 -1 -1 -1 -1 -1 -1
OIP_25.jpgA 55 40 163 146 155 127 -1 -1 -1 -1 161 109 163 123 163 139 -1 -1 72 40 69 69 98 103 55 140 58 126 -1 -1 -1 -1 97 133 96 146
OIP_26.jpgA 24 16 178 165 45 133 42 113 39 89 -1 -1 -1 -1 57 120 24 16 120 27 178 30 -1 -1 142 165 139 146 131 125 161 119 159 136 157 156
OIP_28.jpgA 76 39 218 136 183 111 188 98 -1 -1 217 82 217 96 218 114 218 41 136 39 93 52 76 112 -1 -1 -1 -1 -1 -1 146 106 133 118 122 136
OIP_3.jpgA 49 35 239 152 -1 -1 -1 -1 -1 -1 198 113 198 132 196 152 239 54 96 35 56 64 49 117 -1 -1 -1 -1 -1 -1 118 89 121 105 124 120
OIP_30.jpgA 33 23 186 129 -1 -1 -1 -1 -1 -1 182 55 185 67 186 83 176 23 114 48 99 67 111 119 33 117 49 109 63 96 -1 -1 -1 -1 86 129
OIP_34.jpgA 44 26 191 157 48 127 47 111 44 95 -1 -1 79 103 86 122 -1 -1 131 26 165 54 191 101 140 157 135 140 123 119 -1 -1 -1 -1 -1 -1
OIP_35.jpgA 97 35 209 158 176 116 -1 -1 -1 -1 209 77 199 98 195 117 -1 -1 155 35 127 42 97 81 145 148 144 137 139 118 166 113 155 135 152 158
OIP_37.jpgA 82 53 159 159 85 107 86 96 82 81 -1 -1 -1 -1 -1 -1 -1 -1 135 53 155 79 159 104 131 159 129 144 120 127 -1 -1 152 136 148 149
OIP_41.jpgA 69 25 160 129 69 106 72 93 75 77 -1 -1 102 97 105 112 -1 -1 126 25 152 32 160 63 130 120 -1 -1 -1 -1 132 91 144 110 151 129
OIP_44.jpgA 10 26 274 192 215 169 224 137 -1 -1 274 127 -1 -1 -1 -1 266 26 118 42 61 58 10 113 116 185 118 167 118 149 161 151 161 170 161 192
OIP_49.jpgA 24 61 206 157 56 135 50 119 51 106 -1 -1 32 107 31 123 24 61 164 71 197 107 206 152 147 157 144 140 140 124 -1 -1 -1 -1 -1 -1
OIP_5.jpgA 64 28 227 165 203 118 202 103 200 87 220 91 226 103 227 117 218 28 101 70 64 127 71 165 -1 -1 -1 -1 -1 -1 127 115 125 131 125 148
OIP_50.jpgA 28 53 205 152 197 134 -1 -1 -1 -1 192 107 193 121 190 137 205 53 72 55 28 102 36 152 71 137 -1 -1 -1 -1 95 112 93 127 94 140
OIP_52.jpgA 88 42 243 136 -1 -1 -1 -1 -1 -1 189 124 185 136 166 133 243 134 153 42 105 49 88 87 153 107 -1 -1 -1 -1 148 91 143 104 139 115
OIP_54.jpgA 24 46 213 156 52 139 48 122 45 108 63 95 63 109 69 123 24 46 158 52 213 96 210 156 142 134 143 120 143 105 -1 -1 -1 -1 -1 -1
OIP_55.jpgA 36 43 185 121 165 115 171 105 -1 -1 159 99 160 110 156 121 185 67 83 43 50 55 36 82 -1 -1 -1 -1 -1 -1 92 86 94 95 93 105
OIP_56.jpgA 62 55 262 193 72 193 72 177 81 161 -1 -1 -1 -1 -1 -1 62 81 190 65 234 55 262 77 206 155 206 138 207 122 -1 -1 -1 -1 177 138
OIP_57.jpgA 37 71 159 149 115 142 125 136 -1 -1 159 130 154 144 -1 -1 -1 -1 88 71 51 88 37 131 82 126 -1 -1 -1 -1 102 125 102 138 101 149
OIP_58.jpgA 10 52 195 138 43 138 41 128 41 118 -1 -1 54 118 60 128 10 81 151 52 195 104 181 128 153 128 150 118 145 108 -1 -1 -1 -1 138 120
OIP_59.jpgA 46 84 226 168 62 129 46 125 46 112 -1 -1 -1 -1 -1 -1 -1 -1 150 84 181 111 187 160 203 168 -1 -1 -1 -1 -1 -1 215 138 226 149
OIP_63.jpgA 34 41 267 144 34 135 36 114 37 95 65 92 55 109 65 137 -1 -1 173 41 236 75 267 127 174 144 165 122 155 106 -1 -1 -1 -1 -1 -1
OIP_65.jpgA 84 18 211 157 164 139 172 119 -1 -1 211 100 210 121 211 143 -1 -1 -1 -1 89 18 101 42 92 149 89 133 84 116 121 118 112 137 107 157
OIP_66.jpgA 39 38 260 190 208 160 216 140 -1 -1 239 122 259 143 260 174 236 38 84 43 47 66 39 127 96 174 -1 -1 -1 -1 93 143 87 166 80 190
OIP_67.jpgA 41 33 200 197 192 197 197 177 200 155 174 164 182 181 -1 -1 191 102 107 33 64 55 41 96 -1 -1 -1 -1 -1 -1 112 98 114 116 113 135
OIP_72.jpgA 27 49 251 160 -1 -1 -1 -1 -1 -1 225 125 233 143 234 160 251 53 107 49 52 70 27 116 -1 -1 -1 -1 -1 -1 114 113 117 134 118 153
OIP_74.jpgA 80 77 410 215 306 212 331 190 -1 -1 397 182 410 208 -1 -1 410 77 156 80 80 138 105 215 -1 -1 230 209 221 188 161 185 154 210 -1 -1
OIP_75.jpgA 26 48 253 162 128 162 107 156 87 151 -1 -1 -1 -1 129 142 26 138 158 48 220 60 253 84 159 156 157 142 155 128 -1 -1 -1 -1 170 136
OIP_76.jpgA 33 22 246 120 56 112 52 96 55 85 -1 -1 -1 -1 65 98 33 32 173 22 231 66 246 120 176 120 172 106 167 90 -1 -1 -1 -1 151 107
OIP_8.jpgA 37 28 196 162 57 125 55 111 52 97 -1 -1 -1 -1 65 116 37 28 152 39 191 62 196 130 154 162 151 147 145 125 -1 -1 -1 -1 -1 -1
OIP_80.jpgA 45 20 286 130 259 110 -1 -1 -1 -1 270 98 273 113 271 130 286 38 138 26 91 20 45 38 127 100 -1 -1 -1 -1 136 88 137 102 138 117
OIP_84.jpgA 19 6 234 176 93 176 65 175 73 160 -1 -1 -1 -1 109 167 19 137 189 6 232 44 234 86 197 153 193 133 185 108 -1 -1 -1 -1 232 124
OIP_85.jpgA 39 80 232 141 75 138 58 127 39 116 -1 -1 -1 -1 -1 -1 -1 -1 150 80 207 92 232 135 -1 -1 178 141 147 136 -1 -1 -1 -1 -1 -1
OIP_89.jpgA 222 382 1639 1105 416 1105 404 998 396 881 -1 -1 -1 -1 340 967 222 382 1328 393 1639 688 1628 1008 1223 998 1223 898 1216 784 -1 -1 -1 -1 -1 -1
OIP_91.jpgA 267 450 1790 1237 1657 1235 1665 1089 1651 973 1451 955 1467 1088 1424 1237 1790 539 569 450 305 758 267 1150 -1 -1 -1 -1 -1 -1 803 893 831 1034 838 1181
OIP_92.jpgA 485 638 1978 1721 485 1232 508 1075 514 909 -1 -1 785 1059 814 1221 -1 -1 1301 638 1580 915 1978 1238 1172 1721 1160 1540 1106 1407 -1 -1 -1 -1 1330 1494
OIP_93.jpgA 1127 440 2942 1699 2774 1261 2801 1146 -1 -1 2883 1043 2942 1158 2936 1331 2865 440 1789 934 1407 1249 1127 1699 -1 -1 1851 1664 1904 1499 2183 1405 2268 1561 -1 -1
OIP_94.jpgA 838 464 2038 2016 -1 -1 -1 -1 -1 -1 -1 -1 -1 -1 -1 -1 -1 -1 2014 464 1374 559 838 1659 1472 1890 1498 1743 1543 1574 2038 1609 2016 1801 1990 2016
OIP_97.jpgA 149 126 339 379 152 243 149 211 149 177 -1 -1 174 211 174 238 -1 -1 278 126 327 263 339 379 238 322 241 297 238 261 -1 -1 -1 -1 -1 -1
OIP_B10.jpgA 15 80 222 186 -1 -1 -1 -1 -1 -1 222 162 198 172 170 186 -1 -1 95 80 38 109 15 159 85 152 -1 -1 -1 -1 119 145 114 162 106 179
OIP_B11.jpgA 89 44 242 136 -1 -1 -1 -1 -1 -1 190 120 184 134 167 132 242 136 158 44 108 48 89 86 -1 -1 -1 -1 -1 -1 146 90 141 103 137 117
OIP_B12.jpgA 67 48 251 169 101 148 85 148 67 148 -1 -1 -1 -1 -1 -1 -1 -1 143 54 196 48 251 96 141 169 137 154 130 134 -1 -1 159 136 161 154
OIP_B13.jpgA 132 48 207 152 137 152 133 136 132 121 -1 -1 -1 -1 -1 -1 -1 -1 143 48 188 71 207 132 -1 -1 -1 -1 -1 -1 -1 -1 -1 -1 -1 -1
OIP_B14.jpgA 174 43 270 127 234 127 244 118 257 106 -1 -1 -1 -1 -1 -1 270 105 225 43 178 53 174 92 187 113 190 101 192 87 216 91 212 104 209 117
OIP_B15.jpgA 30 52 161 138 -1 -1 -1 -1 -1 -1 -1 -1 -1 -1 -1 -1 30 101 118 52 156 79 161 138 -1 -1 128 137 119 122 -1 -1 -1 -1 -1 -1
OIP_B16.jpgA 66 54 172 148 80 131 69 121 66 105 -1 -1 -1 -1 -1 -1 -1 -1 135 54 172 78 171 126 110 148 113 133 113 112 -1 -1 -1 -1 162 148
OIP_B17.jpgA 52 41 197 130 140 119 122 120 101 122 -1 -1 -1 -1 -1 -1 52 116 139 41 179 53 197 97 150 130 148 115 140 95 -1 -1 -1 -1 174 114
OIP_B18.jpgA 82 46 232 144 -1 -1 -1 -1 -1 -1 188 139 168 143 144 144 232 138 124 46 83 53 82 87 -1 -1 97 125 97 107 117 106 109 122 101 141
OIP_B2.jpgA 88 99 319 276 171 276 133 272 88 262 -1 -1 -1 -1 -1 -1 -1 -1 177 99 253 102 319 196 182 269 181 238 172 197 -1 -1 219 217 230 249
OIP_B20.jpgA 65 52 166 153 -1 -1 -1 -1 -1 -1 153 148 139 150 124 153 166 149 130 68 91 52 85 90 65 143 72 126 75 108 118 114 115 129 116 149
OIP_B3.jpgA 43 122 832 519 608 473 -1 -1 -1 -1 704 400 697 473 649 519 832 340 369 122 168 154 43 327 -1 -1 -1 -1 -1 -1 339 362 314 417 289 474
OIP_B4.jpgA 97 98 325 226 -1 -1 -1 -1 -1 -1 -1 -1 -1 -1 -1 -1 325 226 203 122 169 98 97 103 159 209 -1 -1 -1 -1 170 178 169 198 165 218
OIP_B5.jpgA 53 62 192 139 -1 -1 -1 -1 -1 -1 -1 -1 -1 -1 -1 -1 53 139 130 66 165 62 192 86 160 124 153 116 146 106 -1 -1 -1 -1 -1 -1
OIP_B6.jpgA 191 229 440 383 226 382 214 357 191 354 -1 -1 -1 -1 -1 -1 -1 -1 317 241 369 229 440 264 350 379 343 357 330 329 391 332 403 358 416 383
OIP_B7.jpgA 19 51 156 140 -1 -1 -1 -1 -1 -1 156 120 143 130 131 140 -1 -1 97 54 63 51 19 77 83 121 84 109 -1 -1 100 109 98 122 95 137
OIP_b8.jpgA 64 62 175 149 106 149 89 145 64 140 -1 -1 -1 -1 -1 -1 -1 -1 112 62 148 80 175 101 100 142 99 129 98 112 -1 -1 131 128 136 141
OIP_B9.jpgA 60 45 153 157 106 157 85 156 60 155 -1 -1 -1 -1 -1 -1 -1 -1 73 70 113 45 153 45 99 153 98 140 92 123 125 117 131 134 138 151