00003_4050.jpgA 552 73 1140 481 1102 466 1127 398 1140 314 1048 330 1071 404 1061 481 1140 73 720 182 631 285 552 430 901 460 869 446 898 386 749 411 746 465 802 462
DSC05509.jpgA 1296 904 2348 1595 1485 1567 1468 1484 1475 1371 1330 1371 1353 1477 1366 1595 1296 1053 1928 904 2208 1006 2348 1197 1951 1391 1939 1316 1939 1241 -1 -1 1858 1246 1859 1319
DSC05510.jpgA 1622 1102 2676 1513 1622 1482 1642 1389 1682 1333 1802 1327 1804 1398 1849 1485 1675 1102 2340 1105 2562 1213 2676 1373 2280 1513 2282 1451 2285 1375 -1 -1 -1 -1 2244 1485
DSC05514.jpgA 1012 1090 2862 1918 1076 1918 1083 1716 1102 1595 1219 1566 1198 1707 1219 1840 1012 1090 2219 1111 2660 1209 2862 1561 2255 1909 2229 1787 2202 1657 -1 -1 -1 -1 2171 1837
DSC05517.jpgA 1071 643 3045 1735 2898 1542 2943 1359 2962 1221 2767 1385 2774 1554 2736 1735 3045 643 1545 661 1071 1135 1147 1569 1821 1456 1818 1264 -1 -1 1597 1240 1621 1450 1587 1629
DSC05519.jpgA 946 882 3146 1589 1233 1570 1075 1470 1159 1308 -1 -1 -1 -1 1036 1589 946 1005 2355 882 2878 953 3146 1311 2339 1511 2501 1492 2401 1353 -1 -1 -1 -1 -1 -1
DSC05520.jpgA 1759 1196 2491 1848 2350 1626 2370 1543 2374 1472 2487 1478 2489 1576 2485 1667 2491 1196 1939 1346 1772 1517 1759 1796 1898 1748 -1 -1 -1 -1 2022 1678 1987 1774 1970 1848
DSC05521.jpgA 1261 1180 2567 2024 2400 1739 2415 1628 2424 1530 2539 1574 2561 1683 2565 1809 2567 1180 1622 1367 1315 1570 1261 1902 1700 1919 1695 1821 -1 -1 1771 1782 1754 1899 1746 2024
DSC05522.jpgA 1718 1312 2782 1827 2615 1787 2633 1705 2633 1628 2687 1670 2683 1752 2665 1827 2782 1312 2027 1327 1782 1377 1718 1543 2068 1743 -1 -1 -1 -1 2010 1643 2013 1732 2008 1815
DSC05523.jpgA 1199 1022 2233 1518 2152 1470 2153 1401 -1 -1 2124 1311 2196 1377 2233 1486 2162 1022 1484 1092 1239 1204 1199 1384 1472 1443 1495 1378 -1 -1 1528 1325 1573 1413 1586 1518
DSC05525.jpgA 1538 1032 2620 1767 1548 1680 1552 1560 1557 1452 1747 1403 1765 1513 1808 1648 1538 1032 2310 1095 2537 1290 2620 1622 2297 1767 2287 1673 2250 1565 -1 -1 2410 1603 2412 1703
DSC05530.jpgA 1211 459 3136 1421 1472 1421 1433 1218 1436 1062 1231 962 1211 1090 1233 1312 1211 501 2467 459 2942 548 3136 898 2519 1293 2500 1165 2467 1004 -1 -1 2311 1037 2322 1198
DSC05531.jpgA 1417 657 3186 1548 3075 1532 3094 1351 3119 1190 2922 1196 2967 1359 2936 1548 3186 712 1961 657 1553 932 1417 1276 2097 1432 -1 -1 -1 -1 2072 1123 2122 1265 2136 1454
DSC05533.jpgA 1158 722 2988 1749 1288 1585 1270 1440 1249 1300 1437 1225 1452 1376 1497 1546 1158 722 2594 900 2934 1300 2988 1667 2294 1749 2294 1591 2291 1415 -1 -1 -1 -1 2391 1597
DSC05535.jpgA 770 761 3016 1797 1043 1746 1010 1540 991 1388 -1 -1 1161 1473 1170 1655 770 761 2597 828 3016 1388 2994 1797 2364 1788 2376 1634 2379 1500 -1 -1 2246 1470 2255 1649
DSC05537.jpgA 1409 873 2455 1532 1448 1370 1447 1270 1429 1182 -1 -1 1558 1224 1571 1339 1409 873 2071 1009 2358 1168 2455 1414 1997 1532 1985 1445 1958 1338 -1 -1 2048 1382 2039 1482
DSC05548.jpgA 1231 619 3179 1531 1428 1509 1407 1337 1407 1176 -1 -1 1313 1252 1346 1464 1231 619 2579 697 3113 1034 3179 1431 2519 1531 2519 1370 2513 1194 -1 -1 2373 1243 2382 1391
DSC05552.jpgA 850 710 2760 1633 907 1542 902 1398 917 1242 1056 1204 1035 1342 1056 1496 850 710 2040 785 2408 788 2760 1025 2104 1633 2067 1512 2019 1342 -1 -1 2154 1362 2169 1504
DSC05557.jpgA 1235 600 3110 1441 1376 1441 1363 1326 1428 1215 1267 1102 1252 1220 1235 1357 1286 662 2351 623 2744 600 3110 780 2454 1364 2426 1257 2421 1126 -1 -1 -1 -1 2492 1272
DSC05561.jpgA 1489 750 2926 1517 2630 1491 2672 1383 -1 -1 2689 1276 2728 1378 2709 1517 2926 880 1789 750 1489 1078 1580 1409 2061 1283 2067 1154 -1 -1 1948 1135 1924 1263 1865 1383
DSC05562.jpgA 501 767 2388 1637 2167 1540 2201 1391 2204 1273 2304 1334 2364 1485 2388 1637 2388 879 1194 767 731 812 501 1037 1316 1446 1313 1285 -1 -1 1137 1249 1137 1397 1104 1531
DSC05564.jpgA 864 628 3343 1915 1446 1915 1334 1725 1313 1555 1004 1409 1013 1564 1073 1779 864 876 2449 628 3034 767 3343 1243 2504 1597 2470 1473 2470 1315 -1 -1 -1 -1 2255 1385
DSC05568.jpgA 1031 285 2788 1900 2601 1352 2558 1131 2516 949 2725 1006 2719 1231 2713 1455 2788 285 1455 643 1088 1197 1031 1900 1522 1782 -1 -1 -1 -1 1861 1425 1776 1649 1752 1825
DSC05569.jpgA 946 684 2610 1484 2362 1438 2406 1296 -1 -1 2436 1198 2484 1324 2472 1484 2610 702 1222 684 946 1018 954 1344 1554 1304 1542 1164 -1 -1 1364 1110 1354 1240 1296 1374
DSC05572.jpgA 1256 956 2510 1606 1374 1606 1364 1468 1382 1328 -1 -1 1442 1450 1472 1568 1256 956 2316 1026 2510 1274 2444 1572 2228 1566 2206 1472 2172 1376 -1 -1 2056 1368 2052 1482
DSC05581.jpgA 713 894 2791 1782 1334 1761 1194 1622 1210 1458 1370 1567 1322 1679 1491 1782 713 1391 2001 919 2340 894 2791 1288 2791 1428 2652 1322 2513 1179 -1 -1 2343 1503 2476 1591
DSC05582.jpgA 452 449 2449 1694 2016 1385 2049 1185 2055 1031 2201 1049 2185 1237 2122 1455 2449 449 961 585 540 1112 452 1694 925 1452 -1 -1 -1 -1 1207 1291 1161 1461 1134 1637
DSC05583.jpgA 379 770 2743 1806 2267 1609 2319 1431 -1 -1 2479 1337 2428 1528 2340 1725 2743 806 1307 770 710 1022 379 1373 1249 1573 1273 1412 -1 -1 1452 1431 1443 1609 1416 1806
DSC05595.jpgA 394 294 2670 1615 2670 1494 2667 1300 2585 1094 2237 1194 2285 1394 2173 1615 2664 503 897 334 394 294 -1 -1 -1 -1 931 1349 973 1191 770 1170 758 1361 867 1543
DSC05596.jpgA 928 871 2369 1740 2317 1709 2347 1551 2364 1407 2208 1446 2250 1593 2264 1740 2369 996 1442 871 1086 962 928 1179 1603 1476 1606 1343 -1 -1 1456 1271 1469 1396 1461 1515
DSC05601.jpgA 964 779 3040 1849 2822 1749 2816 1522 -1 -1 2919 1428 2916 1609 2894 1809 3040 779 1519 876 967 1331 964 1846 1567 1694 1570 1497 -1 -1 1710 1455 1682 1664 1658 1849
DSC05604.jpgA 737 809 2961 1412 2961 1394 2791 1331 2622 1297 2613 1103 2807 1215 2876 1409 2785 873 1407 809 776 1073 737 1364 1328 1391 -1 -1 -1 -1 1537 1164 1552 1388 1713 1412
DSC05606.jpgA 822 579 3379 1203 3379 1167 3234 1067 3040 1055 3019 876 3146 1000 3231 1167 3213 764 1694 579 1194 749 822 1076 1819 1064 1697 976 1743 819 -1 -1 1658 1128 1810 1203
DSC05609.jpgA 704 464 2982 1546 801 1546 807 1352 822 1194 1019 1037 1010 1222 1025 1379 704 464 2176 540 2755 815 2982 1352 2073 1543 2073 1379 2034 1206 -1 -1 2288 1273 2325 1476
DSC05610.jpgA 413 603 2652 1697 646 1579 594 1394 588 1258 -1 -1 746 1300 779 1488 413 603 1846 764 2434 1040 2652 1509 1616 1697 1631 1555 1649 1382 -1 -1 1797 1467 1770 1634
DSC05611.jpgA 973 543 2852 1767 2737 1664 2770 1461 2797 1273 2455 1355 2467 1558 2419 1767 2852 673 1355 543 973 955 988 1434 1755 1306 1746 1146 -1 -1 1564 1149 1585 1312 1549 1479
DSC05617.jpgA 1173 728 2352 1546 2082 1340 2110 1200 2131 1082 2234 1149 2188 1297 2149 1437 2352 728 1473 855 1173 1191 1185 1546 1519 1434 -1 -1 -1 -1 1504 1294 1464 1431 1419 1543
DSC05626.jpgA 879 909 2394 1628 2349 1485 2367 1334 -1 -1 2252 1288 2204 1434 2128 1555 2394 909 1552 997 1155 1009 879 1219 1470 1558 1479 1391 -1 -1 1597 1364 1643 1494 1679 1628
DSC05629.jpgA 969 804 2444 1896 1120 1527 1109 1413 1102 1304 1304 1153 1282 1273 1331 1458 969 804 2200 1069 2427 1518 2444 1896 1885 1685 1871 1576 1851 1447 -1 -1 -1 -1 1980 1556
DSC05633.jpgA 900 513 2341 1483 1026 1265 1002 1115 950 937 -1 -1 1209 1083 1235 1217 900 513 1767 696 2052 798 2341 1163 1452 1483 1472 1372 1461 1213 -1 -1 1741 1233 1757 1385
DSC05635.jpgA 728 616 2330 1488 1196 1484 1118 1368 1108 1230 860 1180 866 1312 924 1488 728 784 1854 616 2166 780 2330 1044 1786 1350 1782 1246 1798 1122 -1 -1 -1 -1 1698 1240
DSC05637.jpgA 1279 343 2507 1846 1528 1846 1546 1594 1604 1403 1310 1352 1279 1555 1288 1797 1382 609 2191 406 2364 343 -1 -1 2507 1382 2449 1243 2476 1040 -1 -1 -1 -1 2022 1400
DSC05638.jpgA 927 460 2746 1609 990 1448 978 1280 968 1104 1183 1070 1161 1221 1163 1385 927 460 2190 663 2580 1024 2746 1463 2029 1609 2002 1458 1939 1280 -1 -1 -1 -1 2251 1443
DSC05645.jpgA 1270 712 2088 1420 1472 1420 1452 1310 1474 1212 1356 1204 1382 1286 1402 1380 1270 862 1966 712 2088 944 2064 1118 1904 1192 1910 1112 1944 1006 -1 -1 -1 -1 1800 1142
DSC05647.jpgA 910 567 3137 1722 1046 1525 1010 1297 1043 1140 1152 1155 1104 1352 1119 1522 910 567 2376 758 2970 1022 3137 1300 2201 1722 2201 1576 2216 1388 -1 -1 2313 1464 2297 1619
DSC05655.jpgA 367 931 3340 1649 3146 1625 2973 1558 2758 1506 2988 1364 3167 1458 3340 1615 2879 931 1358 982 694 1103 367 1509 1025 1591 -1 -1 -1 -1 1304 1461 1179 1643 1379 1649
DSC05656.jpgA 1428 934 3001 1800 1485 1700 1467 1555 1464 1403 -1 -1 1607 1494 1625 1664 1428 934 2364 1009 2810 1255 3001 1552 2204 1800 2204 1673 2194 1515 -1 -1 2337 1631 2343 1764
DSC05659.jpgA 919 488 2801 1531 2628 1473 2682 1273 2670 1061 2273 1000 2325 1188 2197 1337 2801 549 1252 488 919 985 1049 1531 1740 1246 -1 -1 -1 -1 1613 1025 1628 1194 1604 1406
DSC05660.jpgA 488 673 2579 1809 2270 1655 2337 1452 -1 -1 2425 1422 2525 1619 2579 1809 2564 728 1107 673 667 728 488 1043 1470 1455 1419 1279 -1 -1 1079 1215 1101 1379 1101 1543
DSC05662.jpgA 1091 558 3416 1694 3031 1558 3088 1349 -1 -1 3207 1279 3249 1467 3231 1694 3416 579 1734 558 1185 903 1091 1422 1804 1458 1770 1246 -1 -1 1913 1197 1946 1373 1943 1567
DSC05664.jpgA 261 331 2567 1646 643 1646 637 1382 673 1131 449 1128 458 1309 525 1555 261 425 2149 331 2567 961 2328 1464 2082 1400 2019 1258 1985 1079 -1 -1 1804 1103 1837 1303
DSC05666.jpgA 843 361 2773 1385 2640 1237 2622 1052 2579 909 2752 967 2764 1122 2773 1315 2755 361 1328 485 864 794 843 1249 1319 1206 -1 -1 -1 -1 1425 1097 1410 1240 1361 1385
DSC05673.jpgA 679 337 3376 1561 2846 1328 2937 1109 2928 885 3225 982 3273 1161 3285 1376 3376 337 1622 358 988 679 679 1128 1813 1322 -1 -1 -1 -1 1679 1140 1610 1343 1497 1561
DSC05674.jpgA 664 425 2982 1785 2525 1428 2546 1249 2531 1040 2704 1091 2676 1285 2613 1525 2982 425 1285 503 749 1209 664 1785 1470 1467 -1 -1 -1 -1 1646 1282 1637 1473 1634 1667
DSC05677.jpgA 631 446 3101 2043 3004 1879 3019 1646 3007 1443 2622 1534 2661 1782 2558 2043 3101 670 1204 446 701 809 631 1270 1588 1403 -1 -1 -1 -1 1367 1203 1401 1382 1370 1631
DSC05678.jpgA 1118 696 2755 1522 2644 1500 2695 1324 -1 -1 2569 1202 2569 1353 2533 1513 2755 696 1572 767 1179 1046 1118 1380 1752 1372 1758 1242 -1 -1 1616 1252 1646 1384 1664 1522
DSC05685.jpgA 1155 547 2883 1397 2586 1321 2626 1154 2614 1002 2719 1052 2717 1199 2671 1361 2883 547 1612 609 1181 1016 1155 1397 1714 1287 1714 1142 -1 -1 1812 1068 1814 1216 1807 1373
DSC05692.jpgA 764 594 2749 1731 1249 1731 1146 1528 1140 1331 782 1282 764 1485 852 1719 764 688 2276 594 2676 1000 2749 1479 2107 1534 2107 1403 2116 1206 -1 -1 -1 -1 1867 1388
DSC05694.jpgA 494 888 2343 1809 1970 1725 2046 1522 -1 -1 2182 1425 2213 1615 2201 1809 2343 888 813 949 494 1319 573 1746 1134 1694 1182 1522 -1 -1 1046 1500 1085 1655 1134 1788
DSC05696.jpgA 985 449 2567 1388 2531 1252 2555 1085 2567 922 2364 1019 2425 1173 2413 1364 2567 449 1279 537 985 967 991 1388 1612 1140 -1 -1 -1 -1 1505 1030 1505 1171 1474 1311
DSC05697.jpgA 630 1014 2318 1902 2119 1822 2124 1614 -1 -1 2202 1572 2276 1700 2318 1902 2258 1014 889 1101 630 1470 802 1823 1364 1732 1311 1589 -1 -1 1011 1557 1002 1717 952 1870
DSC05698.jpgA 682 337 3122 1709 1085 1709 988 1431 991 1222 -1 -1 797 1297 891 1594 682 452 2464 337 2988 625 3122 1064 2258 1467 2279 1312 2297 1119 -1 -1 2161 1125 2182 1322
DSC05699.jpgA 1261 449 3104 1849 2010 1715 1943 1576 1955 1415 1364 1358 1307 1567 1261 1849 1561 712 2643 449 3046 600 3104 1043 2758 1537 2788 1370 2801 1137 -1 -1 -1 -1 2591 1322
DSC05701.jpgA 291 437 2755 1725 2694 1667 2685 1373 2682 1173 2237 1246 2219 1440 2140 1725 2755 509 825 437 337 943 291 1522 1085 1461 1067 1270 -1 -1 1216 1179 1225 1367 1228 1555
DSC05702.jpgA 555 412 3064 1694 2607 1503 2622 1309 -1 -1 2734 1228 2764 1419 2737 1694 3064 449 994 412 555 994 652 1491 1473 1376 1525 1137 -1 -1 1301 1225 1297 1400 1279 1546
DSC05705.jpgA 297 285 2494 1861 2170 1446 2185 1188 2188 970 2337 1040 2273 1261 2252 1458 2494 285 973 461 397 1261 297 1861 1137 1573 1113 1319 -1 -1 1352 1237 1352 1470 1322 1673
DSC05707.jpgA 367 237 3134 1661 719 1661 667 1337 688 1085 -1 -1 831 1297 876 1515 367 325 2543 237 3028 876 3134 1488 2373 1585 2322 1397 2267 1176 -1 -1 2610 1331 2601 1534
DSC05708.jpgA 560 556 2664 1654 710 1542 702 1288 746 1136 -1 -1 838 1292 874 1500 560 556 2156 582 2634 1204 2664 1654 1964 1536 1946 1408 1930 1208 -1 -1 2032 1374 2038 1496
DSC05710.jpgA 273 567 3191 1815 694 1815 610 1558 619 1385 449 1309 458 1488 531 1749 273 652 2179 567 2867 788 3191 1091 2158 1758 2128 1561 2116 1322 -1 -1 1994 1470 2031 1658
DSC05713.jpgA 519 437 2891 1631 882 1631 813 1382 840 1143 649 1103 661 1309 707 1555 519 437 2537 449 2888 988 2891 1491 2376 1579 2373 1385 2379 1146 -1 -1 2164 1240 2191 1467
DSC05714.jpgA 337 206 3352 1534 704 1534 643 1270 664 1079 513 1006 488 1191 543 1452 337 346 2328 206 2952 422 3352 779 2391 1367 2340 1188 2319 997 -1 -1 2040 1097 2046 1288
DSC05715.jpgA 588 491 2901 1946 1040 1946 997 1685 1031 1488 704 1419 682 1606 710 1909 588 749 2473 491 2901 1082 2837 1700 2231 1670 2246 1488 2285 1273 -1 -1 2070 1370 2113 1564
DSC05716.jpgA 467 473 2816 1628 2576 1612 2637 1385 2637 1194 2388 1203 2485 1373 2467 1628 2816 582 1004 473 531 915 467 1428 1467 1415 1473 1240 -1 -1 1322 1161 1385 1331 1379 1522
DSC05723.jpgA 782 761 2725 1919 1001 1906 991 1706 1107 1537 782 1464 804 1688 858 1919 831 822 2140 761 2591 1031 2725 1467 1801 1728 1864 1555 1964 1382 -1 -1 2082 1437 2152 1612
DSC05724.jpgA 997 528 2794 1531 1173 1531 1134 1379 1176 1176 -1 -1 1061 1255 1082 1461 997 528 2546 594 2794 943 2694 1364 2422 1473 2413 1337 2404 1152 -1 -1 2143 1134 2161 1328
DSC05725.jpgA 504 294 3152 1585 861 1488 782 1228 782 1040 -1 -1 882 1255 925 1473 504 294 2510 340 3001 894 3152 1425 2240 1585 2231 1400 2210 1152 -1 -1 2404 1255 2397 1455
DSC05726.jpgA 239 459 2357 1512 2200 1343 2215 1211 2222 1111 2124 1107 2107 1259 2061 1424 2357 459 791 504 280 1123 239 1489 965 1420 1006 1284 -1 -1 896 1212 888 1341 845 1512
DSC05727.jpgA 1007 655 2773 1564 1361 1558 1288 1379 1343 1219 1037 1176 1022 1325 1016 1564 1007 719 2343 655 2716 1064 2773 1461 2155 1464 2158 1337 2188 1203 -1 -1 2255 1261 2301 1412
DSC05728.jpgA 1228 958 2231 1949 1922 1800 -1 -1 -1 -1 2231 1628 2188 1764 2082 1867 -1 -1 1701 1073 1340 958 1228 1173 1397 1894 1394 1743 1376 1591 1646 1619 1607 1782 1585 1949
DSC05732.jpgA 1413 628 2882 1480 1674 1480 1644 1316 1644 1169 1413 1080 1415 1210 1433 1359 1413 628 2503 644 2818 839 2882 1169 2477 1318 2472 1203 2487 1067 -1 -1 2321 1098 2349 1231
DSC05734.jpgA 1273 791 2382 1631 2288 1576 2325 1461 2352 1312 2055 1303 2049 1464 2004 1631 2382 955 1507 791 1273 1112 1340 1434 1807 1322 -1 -1 -1 -1 1637 1206 1682 1343 1691 1464
DSC05735.jpgA 882 791 2343 1509 2343 1473 2328 1343 2316 1200 2182 1215 2213 1373 2197 1509 2328 791 1273 819 913 1164 882 1488 1340 1449 -1 -1 -1 -1 1376 1252 1379 1425 1467 1500
DSC05736.jpgA 338 902 1794 1652 1782 1552 1766 1432 1752 1280 1628 1332 1640 1472 1598 1622 1794 902 688 942 338 1338 350 1652 744 1532 -1 -1 -1 -1 838 1338 880 1464 896 1620
DSC05737.jpgA 1104 670 2939 1522 1313 1498 1280 1350 1259 1209 1389 1159 1396 1296 1439 1422 1104 670 2391 678 2911 1022 2939 1411 2393 1522 2367 1387 2335 1235 -1 -1 -1 -1 2278 1409
DSC05739.jpgA 622 608 2446 1462 648 1462 668 1310 706 1180 -1 -1 834 1236 888 1386 622 658 1850 608 2230 684 2446 938 1770 1314 1762 1200 1756 1062 -1 -1 -1 -1 1660 1204
DSC05747.jpgA 907 364 3440 1837 1182 1540 1128 1285 1152 1109 -1 -1 1073 1231 1107 1497 907 364 2931 449 3440 1279 3425 1837 2555 1649 2561 1467 2549 1249 -1 -1 2728 1294 2749 1543
DSC05756.jpgA 364 715 2285 1991 716 1991 694 1812 716 1622 507 1567 543 1740 588 1922 364 922 1855 715 2276 1055 2285 1446 1882 1606 1861 1455 1843 1288 -1 -1 1628 1319 1637 1461
DSC05768.jpgA 258 697 2852 1931 2673 1879 2722 1640 2722 1437 2449 1491 2449 1703 2385 1931 2852 697 1067 800 394 1243 258 1776 1379 1740 -1 -1 -1 -1 1261 1509 1288 1694 1288 1912
DSC05769.jpgA 940 488 3228 1788 3055 1688 3107 1422 -1 -1 2910 1312 2913 1543 2867 1788 3228 488 1455 582 940 1061 967 1570 1679 1494 1749 1325 -1 -1 1601 1228 1631 1425 1631 1643
DSC05775.jpgA 856 569 3387 1813 2949 1684 2987 1478 -1 -1 3084 1393 3131 1598 3096 1813 3387 682 1622 569 1067 778 856 1164 1827 1487 1862 1293 -1 -1 1664 1282 1662 1482 1627 1671
DSC05801.jpgA 1161 931 2997 1955 2825 1912 2855 1725 2882 1509 2725 1588 2731 1749 2710 1955 2997 931 1543 985 1179 1206 1161 1585 1822 1803 1852 1643 -1 -1 1676 1585 1728 1755 1749 1922
DSC05803.jpgA 897 1061 2567 2015 2507 1961 2513 1758 2510 1600 2355 1658 2364 1809 2340 2015 2567 1061 1207 1225 897 1612 910 2006 1434 1903 -1 -1 -1 -1 1440 1640 1485 1785 1510 1967
DSC05804.jpgA 973 970 2585 1955 2576 1949 2573 1758 2585 1582 2331 1579 2367 1773 2352 1955 2585 988 1485 970 1119 1146 973 1494 1743 1719 1749 1549 -1 -1 1552 1509 1582 1661 1576 1803
DSC05805.jpgA 897 888 2688 1806 2688 1806 2643 1606 2607 1440 2361 1488 2382 1625 2358 1803 2558 888 1352 912 961 1146 897 1506 1546 1655 1570 1491 -1 -1 1379 1422 1291 1540 1261 1679
DSC05807.jpgA 652 603 2591 1919 2301 1606 2346 1376 2346 1191 2537 1209 2555 1412 2558 1658 2591 603 1210 825 725 1470 652 1919 1285 1697 1316 1519 -1 -1 1567 1394 1613 1549 1658 1728
DSC05822.jpgA 1158 864 3082 1819 1325 1819 1328 1597 1334 1415 1158 1419 1191 1588 1225 1770 1161 864 2419 912 2770 973 3082 1176 2404 1709 2397 1561 2388 1415 -1 -1 2228 1519 2246 1667
DSC05824.jpgA 634 776 3579 1700 2919 1576 -1 -1 -1 -1 3325 1458 3340 1558 3097 1582 3579 1225 1819 919 1204 776 634 991 688 1661 891 1603 1101 1500 1361 1515 1097 1628 855 1700
DSC05834.jpgA 1034 506 2719 1471 2513 1427 2510 1215 2469 1038 2599 1056 2622 1227 2610 1435 2719 506 1425 565 1090 933 1034 1380 1399 1374 1416 1191 -1 -1 1602 1144 1546 1312 1502 1471
DSC05839.jpgA 796 806 2681 1624 2478 1591 2496 1441 -1 -1 2504 1294 2563 1444 2560 1624 2681 815 1475 806 1002 915 796 1224 1581 1524 1596 1368 -1 -1 1487 1318 1469 1471 1440 1615
DSC05846.jpgA 1556 708 2362 1385 1633 1273 1623 1179 1596 1085 1694 1073 1696 1185 1694 1294 1556 708 2183 802 2358 1015 2362 1344 1977 1385 1990 1300 1979 1202 -1 -1 -1 -1 2190 1356
DSC05847.jpgA 654 691 3163 1853 2993 1718 2993 1541 -1 -1 3057 1435 3110 1612 3134 1812 3163 691 1613 830 1052 856 654 1003 1725 1733 1731 1580 -1 -1 1584 1506 1572 1688 1543 1853
DSC05856.jpgA 531 559 2407 1735 778 1730 799 1521 816 1335 546 1324 531 1518 543 1735 587 694 1731 603 2046 559 2407 744 1831 1597 1810 1435 1796 1250 -1 -1 1557 1306 1572 1503
DSC05858.jpgA 1428 877 3422 2033 1575 1897 1560 1685 1554 1518 1810 1427 1872 1612 1954 1830 1428 877 2946 909 3422 1459 3402 2033 2807 1930 2752 1750 2716 1553 -1 -1 2584 1600 2549 1797
DSC05859.jpgA 1393 391 3522 1838 1393 1562 1402 1388 1393 1209 1787 1133 1831 1318 1869 1571 1434 391 3002 571 3522 1344 3360 1838 2484 1774 2493 1541 2504 1306 -1 -1 -1 -1 2810 1647
DSC05862.jpgA 772 800 2428 1721 1010 1721 963 1571 960 1433 825 1406 810 1541 802 1703 772 959 1943 883 2246 800 2428 947 2078 1621 2063 1500 2049 1356 -1 -1 1849 1385 1843 1547
DSC05868.jpgA 1381 880 2652 1765 2531 1756 2560 1574 2572 1424 2390 1474 2416 1600 2407 1765 2652 912 1616 880 1396 1109 1381 1365 1857 1527 1860 1385 -1 -1 1657 1321 1696 1462 1696 1597
DSC05871.jpgA 1466 944 2204 1741 2140 1680 2169 1530 2196 1388 2019 1427 2063 1550 2069 1741 2204 944 1513 985 1466 1238 1525 1533 1760 1497 1793 1362 -1 -1 1557 1312 1587 1430 1581 1533
DSC05872.jpgA 1184 400 2259 1109 2085 1018 2084 873 2066 770 2155 770 2155 886 2150 1007 2259 400 1452 414 1255 680 1184 986 1400 1086 1395 966 -1 -1 1584 870 1577 986 1568 1109
DSC05873.jpgA 939 995 1984 1726 1896 1616 1904 1482 1879 1396 1984 1425 1977 1533 1981 1628 1963 995 1300 1109 984 1312 939 1602 1339 1700 1351 1560 -1 -1 1482 1482 1477 1600 1472 1726
DSC05874.jpgA 970 995 2016 1742 1872 1605 1864 1464 1854 1368 1947 1390 1938 1494 1937 1599 2016 995 1272 1044 1025 1298 970 1603 1233 1711 1244 1584 -1 -1 1408 1467 1397 1605 1383 1742
DSC05875.jpgA 1233 1008 2931 1800 2817 1771 2810 1619 -1 -1 2815 1492 2879 1608 2904 1800 2931 1008 1790 1035 1473 1127 1233 1252 1917 1721 1923 1575 -1 -1 1798 1496 1802 1633 1783 1779
DSC05885.jpgA 637 835 3463 1588 922 1547 819 1480 934 1321 -1 -1 1202 1518 1316 1565 637 1224 2602 835 3040 891 3463 1256 2499 1588 2649 1535 2587 1327 -1 -1 2969 1444 3084 1512
DSC05887.jpgA 1198 933 2047 1431 1198 1396 1205 1302 1228 1217 1328 1254 1312 1340 1336 1431 1221 951 1919 933 2047 1062 2033 1244 1880 1346 1885 1286 1889 1202 -1 -1 1786 1212 1815 1290
DSC05891.jpgA 922 953 2943 1938 2778 1871 2816 1700 -1 -1 2705 1588 2707 1750 2672 1938 2943 1000 1460 953 1034 1197 922 1527 1649 1774 1678 1583 -1 -1 1437 1544 1446 1703 1407 1853
DSC05895.jpgA 381 741 3255 1415 2475 1344 2652 1268 2813 1183 2905 1018 3016 1153 3134 1300 3255 838 1366 741 787 894 381 1335 1037 1333 -1 -1 -1 -1 1260 1177 1155 1415 1340 1391
DSC05896.jpgA 1462 704 2510 1325 1496 1217 1492 1117 1500 1000 1608 1012 1594 1098 1617 1206 1462 704 2310 821 2510 1079 2485 1325 2125 1292 2135 1212 2142 1115 -1 -1 -1 -1 2175 1254
DSC05902.jpgA 1490 694 2881 1546 2629 1440 2665 1300 -1 -1 2742 1150 2775 1288 2771 1467 2881 694 1615 962 1490 1210 1625 1546 1946 1438 1969 1298 -1 -1 1788 1244 1788 1379 1765 1519
DSC05903.jpgA 1067 894 2931 1365 2931 1285 2875 1231 2717 1246 2746 1108 2850 1154 2846 1285 2750 894 1627 958 1183 1058 1067 1365 1625 1356 -1 -1 -1 -1 1779 1242 1783 1360 1927 1356
DSC05909.jpgA 875 659 2896 1703 1075 1703 1037 1459 1043 1294 1219 1238 1213 1403 1281 1547 875 659 2407 703 2855 1156 2896 1583 2278 1550 2257 1412 2234 1262 -1 -1 -1 -1 2181 1430
DSC05910.jpgA 1515 884 2625 1602 1672 1602 1648 1464 1672 1314 1555 1304 1565 1420 1612 1557 1515 894 2385 884 2560 997 2625 1252 2415 1450 2398 1364 2405 1270 -1 -1 2132 1342 2122 1464
DSC05911.jpgA 1366 971 2831 1712 2787 1700 2787 1544 2778 1400 2613 1421 2643 1568 2622 1712 2831 971 1713 1009 1399 1330 1366 1685 1790 1627 1825 1497 -1 -1 1931 1400 1960 1530 1969 1671
DSC05915.jpgA 304 577 2150 1388 535 1388 483 1210 488 1081 -1 -1 610 1194 638 1352 304 577 1640 606 2017 938 2150 1304 1527 1377 1494 1256 1471 1154 -1 -1 1592 1250 1594 1367
DSC05918.jpgA 343 474 2899 1759 2584 1662 2684 1441 2713 1250 2496 1265 2528 1494 2413 1759 2899 474 990 591 384 1168 343 1756 1110 1627 1125 1441 -1 -1 1302 1321 1337 1550 1349 1759
DSC05922.jpgA 1122 950 3252 1433 3137 1327 3013 1309 2860 1285 2972 1112 3128 1194 3252 1259 2984 950 1831 983 1393 1085 1122 1403 1825 1433 -1 -1 -1 -1 1843 1215 1775 1321 1719 1418
DSC05923.jpgA 752 418 2546 1721 2331 1365 2322 1153 2281 1000 2487 1012 2507 1185 2519 1397 2546 418 1163 630 805 1127 752 1712 1325 1568 1310 1397 -1 -1 1499 1327 1463 1527 1446 1721
DSC05924.jpgA 946 635 2966 1527 2572 1456 2657 1294 2640 1150 2869 1215 2952 1338 2966 1515 2922 635 1496 706 1087 997 946 1350 1816 1412 1787 1280 -1 -1 1555 1235 1513 1388 1466 1527
DSC05925.jpgA 737 541 2725 1653 2616 1412 2593 1233 2543 1112 2646 1094 2690 1250 2713 1427 2725 541 1266 703 784 1003 737 1435 1484 1547 -1 -1 -1 -1 1393 1341 1390 1509 1378 1653
DSC05927.jpgA 481 515 2287 1621 2149 1297 2131 1147 2072 1015 2213 1003 2255 1150 2287 1356 2243 515 866 750 481 1121 -1 -1 1140 1544 1090 1394 -1 -1 1184 1309 1213 1447 1240 1621
DSC05929.jpgA 693 474 2578 1571 1216 1571 1149 1394 1113 1138 902 1112 955 1271 1069 1500 693 474 2278 500 2578 921 2546 1327 2069 1374 2066 1221 2081 1038 -1 -1 1881 1085 1890 1280
DSC05930.jpgA 869 427 2919 1500 1025 1500 1019 1294 1060 1068 1219 1062 1196 1221 1260 1391 869 427 2528 477 2919 959 2825 1371 2472 1380 2434 1262 2384 1097 -1 -1 2140 1094 2134 1265
DSC05932.jpgA 822 444 3172 1412 1072 1412 1022 1268 1019 1121 -1 -1 1363 1135 1475 1306 822 527 2546 444 3007 612 3172 985 2581 1403 2540 1288 2502 1121 -1 -1 2237 1206 2207 1371
DSC05933.jpgA 1055 500 2395 1354 2298 1307 2328 1150 2350 1000 2195 1024 2245 1187 2265 1354 2395 500 1425 557 1165 722 1055 1014 1740 1120 1720 1004 -1 -1 1498 954 1528 1074 1520 1220
DSC05936.jpgA 460 635 2537 1647 2299 1597 2343 1447 2352 1268 2210 1268 2178 1435 2110 1647 2537 659 875 635 460 1097 487 1577 1272 1521 1257 1362 -1 -1 1010 1265 1010 1412 999 1580
DSC05941.jpgA 955 268 2972 1665 2734 1153 2757 1003 2743 874 2972 933 2969 1135 2963 1309 2966 268 1578 609 1019 1044 955 1644 1775 1541 1749 1406 -1 -1 2037 1300 2037 1483 2034 1665
DSC05942.jpgA 960 265 2960 1671 2631 1147 2702 988 -1 -1 2934 938 2913 1124 2893 1353 2960 265 1516 580 969 1138 960 1671 1740 1444 1713 1297 -1 -1 1840 1280 1872 1447 1902 1621
DSC05943.jpgA 1034 427 2840 1594 2593 1324 2637 1174 2625 1038 2787 1050 2819 1203 2810 1418 2840 427 1440 741 1052 1162 1034 1594 1790 1415 -1 -1 -1 -1 1672 1259 1687 1400 1684 1547
DSC05944.jpgA 872 465 2693 1444 2375 1285 2452 1109 2437 965 2602 1018 2637 1159 2649 1359 2693 465 1290 591 872 1021 916 1444 1622 1306 1605 1174 -1 -1 1457 1121 1452 1283 1431 1424
DSC05945.jpgA 1187 644 2728 1383 1349 1327 1316 1188 1328 1044 1466 1015 1455 1133 1510 1288 1187 644 2405 683 2710 1056 2728 1383 2340 1338 2296 1215 2255 1080 -1 -1 2163 1144 2178 1274
DSC05948.jpgA 746 268 3366 1547 875 1547 878 1321 975 1156 766 1074 746 1291 781 1527 805 268 2525 341 3069 544 3366 1033 2452 1412 2428 1274 2434 1062 -1 -1 2546 1188 2607 1365
DSC05951.jpgA 1138 563 2651 1360 1284 1292 1232 1146 1238 1014 1357 1003 1311 1146 1251 1281 1138 563 2168 573 2549 730 2651 1087 2027 1360 2024 1233 2008 1092 -1 -1 2222 1165 2230 1325
DSC05952.jpgA 1484 559 3007 1535 1510 1380 1499 1250 1484 1100 -1 -1 1731 1241 1740 1415 1531 559 2287 594 2687 653 3007 1041 2007 1535 2016 1383 2005 1200 2287 1233 2275 1365 2272 1509
DSC05953.jpgA 846 485 3416 1594 1105 1594 1060 1388 1078 1159 922 1165 913 1318 946 1547 846 485 2481 506 3119 656 3416 1083 2393 1594 2387 1421 2372 1165 -1 -1 2522 1318 2534 1488
DSC05954.jpgA 966 568 3157 1744 966 1633 1002 1409 1102 1227 1281 1168 1237 1341 1293 1583 981 568 2716 703 3116 1244 3157 1744 2537 1677 2490 1535 2434 1335 -1 -1 -1 -1 2343 1524
DSC05959.jpgA 893 474 3225 1559 893 1559 907 1330 972 1194 1187 1112 1178 1262 1260 1497 896 530 2563 474 3113 738 3225 1209 2599 1441 2540 1288 2478 1085 -1 -1 2337 1227 2272 1371
DSC05960.jpgA 684 688 2602 1738 955 1738 925 1547 946 1383 769 1318 781 1480 807 1688 684 759 1943 688 2355 721 2602 1003 2060 1527 2031 1385 1987 1233 -1 -1 1740 1344 1725 1480
DSC05969.jpgA 1013 947 2643 1906 2496 1859 2513 1691 -1 -1 2516 1553 2569 1709 2587 1906 2643 947 1396 1006 1072 1191 1013 1553 1587 1730 1602 1568 -1 -1 1387 1468 1355 1621 1302 1750
DSC05971.jpgA 1016 797 2496 1785 2484 1744 2487 1533 2496 1365 2313 1400 2334 1583 2322 1785 2496 797 1266 859 1072 1018 1016 1265 1587 1594 1581 1438 -1 -1 1249 1306 1243 1462 1196 1633
DSC05972.jpgA 1007 650 2893 1806 2219 1583 2337 1394 -1 -1 2784 1206 2828 1365 2893 1597 2678 650 1472 738 1034 1050 1007 1627 1513 1674 1402 1621 1431 1488 1657 1433 1605 1618 1563 1806
DSC05974.jpgA 865 1048 1960 1635 1960 1580 1957 1459 1955 1356 1767 1412 1758 1508 1723 1625 1935 1048 1162 1154 921 1281 865 1479 1202 1615 1235 1521 -1 -1 1275 1431 1333 1531 1390 1635
DSC05975.jpgA 1494 702 2685 1352 2604 1271 2590 1146 -1 -1 2629 1052 2667 1150 2685 1281 2665 702 1794 806 1542 967 1494 1267 1663 1352 1717 1252 -1 -1 1958 1154 1960 1250 1950 1352
DSC05978.jpgA 675 699 1767 1238 803 1238 780 1128 791 1059 -1 -1 851 1119 881 1186 675 796 1386 699 1658 820 1767 1006 1488 1129 1455 1072 1420 997 -1 -1 1406 1062 1423 1128
DSC05991.jpgA 799 374 2040 1641 2002 1509 2040 1297 2019 1121 1793 1233 1869 1412 1866 1641 1993 374 799 730 -1 -1 -1 -1 1296 1388 1296 1224 -1 -1 887 1159 937 1274 978 1400
DSC05995.jpgA 625 862 3237 1371 3225 1271 2999 1253 2766 1265 2928 1083 3090 1121 3237 1197 2860 862 1413 894 810 1130 625 1344 1355 1371 -1 -1 -1 -1 1575 1191 1643 1344 1819 1344
DSC06002.jpgA 769 874 3519 1544 3519 1309 3293 1344 3081 1341 3084 1171 3302 1265 3472 1353 2999 874 1455 950 769 1335 799 1544 1634 1533 -1 -1 -1 -1 1790 1277 1934 1471 2134 1474
DSC06007.jpgA 1025 803 3146 1703 1193 1683 1184 1527 1190 1409 -1 -1 1343 1388 1372 1524 1025 803 2446 856 2905 1147 3146 1477 2184 1703 2196 1544 2207 1391 -1 -1 2369 1462 2402 1583
DSC06009.jpgA 316 833 2607 1371 2566 1274 2407 1227 2228 1194 2302 1071 2457 1094 2607 1212 2290 833 978 853 405 1144 316 1365 1028 1371 -1 -1 -1 -1 1172 1180 1246 1371 1393 1350
DSC06012.jpgA 955 406 3275 1606 3193 1409 3202 1247 3225 1080 2990 1191 2996 1371 2975 1606 3275 406 1660 438 1140 741 955 1221 1769 1300 -1 -1 -1 -1 1728 1115 1666 1283 1590 1450
DSC06014.jpgA 807 491 2893 1577 2428 1403 2510 1212 -1 -1 2757 1250 2860 1385 2875 1577 2893 491 1207 491 807 909 843 1330 1819 1280 1755 1144 -1 -1 1334 1080 1378 1250 1328 1412
DSC06016.jpgA 963 285 3119 1865 1402 1865 1352 1583 1355 1324 981 1206 1007 1403 1052 1650 963 480 2663 285 3063 794 3119 1303 2516 1335 2493 1197 2484 1035 -1 -1 -1 -1 2119 1147
DSC06025.jpgA 1293 780 2675 1600 1593 1597 1557 1491 1549 1350 1302 1315 1293 1462 1299 1600 1328 897 2263 780 2602 903 2675 1174 2225 1385 2305 1344 2260 1241 -1 -1 -1 -1 2143 1300
DSC06026.jpgA 1443 206 2884 1609 1705 1609 1719 1383 1743 1156 1443 1159 1499 1391 1552 1565 1469 368 2437 206 2710 259 2884 568 2502 1227 2516 1053 2537 853 -1 -1 -1 -1 2055 1138
DSC06027.jpgA 272 418 1743 1441 534 1441 543 1235 584 1035 387 1044 407 1215 446 1409 272 574 1440 418 1572 456 1743 697 1605 1091 1575 962 1552 833 -1 -1 1207 1009 1228 1133
DSC06030.jpgA 1978 846 2852 1443 2069 1372 2052 1276 2041 1178 -1 -1 2002 1228 2006 1341 1978 846 2631 919 2802 1007 2852 1217 2570 1443 2574 1346 2550 1230 -1 -1 2728 1317 2730 1411
DSC06036.jpgA 881 344 2984 1409 2881 1385 2925 1162 2934 977 2790 1012 2802 1197 2763 1394 2984 344 1590 541 1066 821 881 1241 1778 1344 1722 1194 -1 -1 1807 1080 1852 1233 1866 1409
DSC06038.jpgA 696 341 2796 1433 2796 1412 2781 1194 2757 968 2490 1003 2590 1174 2563 1380 2734 341 1305 509 890 756 696 1135 1522 1356 1557 1197 -1 -1 1393 1074 1422 1259 1428 1433
DSC06040.jpgA 706 482 2817 1487 2569 1484 2578 1309 2561 1112 2667 1126 2697 1287 2692 1487 2817 482 1311 584 800 973 706 1440 1508 1412 1550 1240 -1 -1 1417 1126 1433 1287 1431 1465
DSC06044.jpgA 1672 718 2640 1712 1852 1712 1863 1547 1899 1327 1672 1285 1699 1447 1716 1630 1713 718 2602 747 -1 -1 2422 1506 2640 1471 2634 1324 2631 1200 -1 -1 2249 1324 2249 1480
DSC06063.jpgA 722 633 3463 1800 3463 1262 3184 1218 2937 1238 3055 1041 3193 1041 3328 1259 2725 633 1566 888 1202 1185 1181 1800 722 1559 902 1485 -1 -1 1728 1553 1549 1650 1407 1797
DSC06071.jpgA 1007 861 2679 1326 2443 1271 2460 1205 -1 -1 2568 1023 2635 1126 2679 1261 -1 -1 1493 861 1147 998 1007 1223 1375 1326 1411 1272 -1 -1 1484 1121 1477 1214 1463 1314
DSC06076.jpgA 634 794 2619 1859 2402 1668 2443 1485 2446 1330 2552 1385 2584 1541 2555 1747 2619 794 1307 1185 849 1403 634 1756 1607 1718 -1 -1 -1 -1 1387 1677 1316 1859 1519 1844
DSC06078.jpgA 1660 1221 2819 1980 2019 1980 1919 1844 1966 1691 1731 1597 1734 1721 1725 1850 1660 1297 2710 1221 2819 1397 2743 1747 2546 1906 2572 1785 2619 1644 -1 -1 2263 1691 2237 1833
DSC06090.jpgA 1316 1233 3263 1827 3184 1638 3016 1624 2831 1615 2990 1474 3157 1538 3263 1609 2728 1233 1907 1309 1525 1391 1316 1733 1734 1780 -1 -1 -1 -1 2140 1677 2131 1827 2225 1794
DSC06095.jpgA 1431 677 3343 1544 3010 1527 3046 1338 3013 1174 3231 1230 3302 1365 3343 1544 3281 677 1875 774 1531 980 1431 1327 2234 1441 2190 1288 -1 -1 1931 1250 1905 1391 1852 1541
DSC06100.jpgA 1396 921 3084 1938 1602 1938 1569 1735 1628 1565 1413 1506 1396 1659 1416 1903 1396 927 2605 921 2896 977 3084 1253 2681 1703 2666 1588 2666 1441 -1 -1 2478 1521 2490 1659
DSC06101.jpgA 1252 1012 2743 1903 1607 1903 1537 1744 1549 1585 1352 1571 1355 1721 1416 1897 1252 1012 2490 1088 2690 1362 2743 1709 2369 1797 2363 1674 2363 1512 -1 -1 2181 1585 2175 1730
DSC06102.jpgA 1310 880 3219 1991 1528 1762 1478 1568 1463 1412 1643 1330 1625 1494 1628 1665 1310 880 2881 991 3219 1477 3096 1991 2449 1847 2452 1685 2440 1527 -1 -1 -1 -1 2652 1747
DSC06106.jpgA 996 415 2743 1647 2631 1485 2610 1291 2563 1144 2663 1106 2710 1288 2743 1518 2743 415 996 688 -1 -1 -1 -1 1419 1485 1434 1309 -1 -1 1257 1285 1284 1441 1281 1647
DSC06107.jpgA 543 653 2863 1585 2863 1515 2834 1327 -1 -1 2646 1224 2669 1403 2587 1553 2860 653 1349 668 787 885 543 1441 1360 1571 1375 1380 -1 -1 1602 1327 1607 1468 1607 1585
DSC06112.jpgA 731 638 2966 1700 1134 1700 1063 1521 1060 1303 887 1230 890 1415 960 1612 731 638 2419 674 2869 938 2966 1430 2275 1612 2252 1453 2257 1256 -1 -1 -1 -1 2334 1603
DSC06113.jpgA 713 488 3043 1759 3034 1685 3043 1447 2984 1191 2607 1309 2687 1512 2660 1759 2919 488 1396 715 966 935 713 1344 1766 1585 1772 1406 -1 -1 1537 1341 1525 1527 1481 1703
DSC06115.jpgA 1002 574 2440 1774 2428 1635 2440 1456 2425 1247 1975 1377 2007 1565 1960 1774 2390 574 -1 -1 1034 1018 1002 1447 1602 1503 1602 1324 -1 -1 1246 1268 1269 1459 1263 1621
DSC06116.jpgA 340 415 2452 1618 2399 1544 2419 1347 2428 1121 2178 1218 2243 1380 2243 1618 2452 415 857 594 419 1030 340 1518 1090 1509 -1 -1 -1 -1 1119 1221 1160 1371 1196 1538
DSC06128.jpgA 1684 947 3425 1885 3202 1859 3255 1680 3287 1527 3134 1562 3143 1706 3107 1885 3425 1033 2096 947 1807 1124 1684 1394 2240 1703 2269 1571 2290 1441 2113 1430 2125 1585 2105 1753
DSC06129.jpgA 1590 862 3134 1635 2916 1621 2960 1477 2987 1333 2852 1356 2875 1480 2819 1635 3134 956 1907 862 1590 1112 -1 -1 1952 1509 1966 1368 -1 -1 2075 1262 2084 1385 2066 1565
DSC06131.jpgA 1475 488 3022 1353 2743 1303 2752 1135 2740 1012 2905 1030 2899 1165 2890 1344 3022 550 2005 488 1652 771 1475 1127 1975 1335 1996 1209 1996 1085 2128 1085 2069 1227 2019 1353
DSC06132.jpgA 1510 503 2790 1383 2578 1338 2569 1177 2543 1053 2655 1068 2652 1200 2634 1350 2790 562 1781 503 1510 906 -1 -1 1707 1327 1719 1185 -1 -1 1969 1044 1925 1206 1913 1383
DSC06133.jpgA 1255 674 2931 1588 2855 1527 2866 1362 2852 1209 2722 1235 2728 1391 2713 1588 2931 674 1513 735 1255 974 1318 1309 1763 1476 1782 1331 -1 -1 1566 1261 1582 1422 1569 1585
DSC06134.jpgA 775 653 2346 1694 2316 1615 2328 1456 2337 1265 2113 1338 2169 1488 2163 1683 2346 653 987 853 775 1312 878 1694 1457 1606 1437 1444 -1 -1 1202 1356 1246 1509 1266 1674
DSC06143.jpgA 787 294 3249 1888 -1 -1 3016 1291 2955 1103 3113 1080 3116 1303 3084 1550 3249 294 1310 574 787 1335 975 1888 1587 1674 1619 1471 -1 -1 1887 1303 1955 1462 2005 1647
DSC06147.jpgA 766 638 2813 2027 2543 1735 2549 1509 2507 1306 2666 1277 2666 1488 2628 1730 2813 638 1231 780 766 1474 790 2027 1355 1741 -1 -1 -1 -1 1672 1435 1663 1615 1660 1791
DSC06148.jpgA 649 535 2807 1888 2390 1603 2419 1377 2419 1174 2693 1159 2702 1359 2690 1588 2807 535 1066 712 649 1391 784 1888 1402 1756 -1 -1 -1 -1 1460 1321 1475 1512 1472 1727
DSC06150.jpgA 784 683 3122 1771 2796 1612 2866 1456 -1 -1 2957 1321 3043 1530 3037 1771 3122 683 1499 744 1055 918 784 1271 1910 1568 1869 1394 -1 -1 1560 1309 1549 1477 1502 1650
DSC06158.jpgA 1990 565 3657 1862 2005 1488 1990 1306 1996 1159 -1 -1 2299 1271 2396 1435 2040 565 3181 853 3607 1315 3657 1862 2496 1621 2602 1485 2655 1330 -1 -1 3005 1553 2975 1715
DSC06159.jpgA 1531 724 2728 1847 2678 1812 2696 1624 2728 1377 2334 1400 2360 1621 2343 1847 2663 853 1810 724 1581 821 1531 1077 2096 1459 -1 -1 -1 -1 1787 1188 1793 1327 1772 1468
DSC06169.jpgA 1478 480 3537 1491 1534 1483 1578 1291 1655 1106 1490 1103 1478 1259 1502 1462 1522 480 2787 577 3166 588 3537 780 2822 1491 2802 1362 2793 1174 -1 -1 2631 1218 2666 1380
DSC06172.jpgA 770 347 2811 2014 913 1462 887 1238 884 1033 1102 1040 1079 1250 1075 1456 770 347 2459 651 2789 1414 2811 2014 2066 1709 2048 1503 2009 1337 -1 -1 -1 -1 2330 1619
DSC06173.jpgA 1355 703 3007 1809 1616 1809 1605 1583 1631 1406 1422 1353 1434 1544 1463 1768 1355 703 2857 912 3007 1330 2881 1794 2631 1791 2643 1647 2690 1474 -1 -1 2425 1494 2460 1662
DSC06185.jpgA 663 450 2557 1974 2352 1374 2352 1206 2302 1038 2478 1080 2493 1288 2484 1530 2557 450 1116 685 722 1162 663 1974 1240 1844 1231 1665 -1 -1 1566 1441 1522 1585 1502 1709
DSC06188.jpgA 1411 608 2461 1350 1589 1350 1589 1256 1602 1140 -1 -1 1427 1131 1489 1266 1411 797 2166 608 2390 734 2461 963 2185 1124 2166 1042 2166 953 -1 -1 2035 992 2045 1077
DSC06195.jpgA 1360 559 3440 1480 3299 1371 3313 1191 -1 -1 3234 1059 3207 1259 3134 1456 3440 559 2060 591 1572 844 1360 1203 2025 1409 2075 1244 -1 -1 2266 1124 2307 1280 2328 1480
DSC06196.jpgA 913 630 2969 1615 2696 1512 2731 1327 2710 1183 2893 1238 2940 1400 2937 1580 2969 630 1437 718 1060 977 913 1274 1802 1503 1772 1341 -1 -1 1555 1256 1546 1427 1528 1615
DSC06199.jpgA 1107 421 3499 1533 1166 1533 1166 1271 1184 1056 -1 -1 1525 1162 1634 1403 1107 421 2631 441 3305 938 3499 1385 2363 1533 2375 1368 2393 1138 -1 -1 2593 1297 2628 1483
DSC06208.jpgA 1693 706 3219 1753 1737 1506 1722 1338 1705 1174 1887 1162 1860 1300 1860 1441 1693 706 2805 750 3113 953 3219 1424 2705 1753 2657 1565 2602 1388 -1 -1 2799 1509 2816 1674
OIP_1.jpgA 54 13 152 128 56 102 56 88 54 70 -1 -1 76 86 75 100 -1 -1 111 13 133 29 152 56 99 123 99 109 93 91 131 91 128 109 129 128
OIP_10.jpgA 47 58 239 148 203 130 206 114 207 99 222 105 225 120 226 135 239 58 100 59 50 107 47 148 115 133 117 119 -1 -1 107 114 102 127 93 143
OIP_104.jpgA 104 184 286 356 112 336 112 298 116 259 135 275 106 296 104 334 106 184 248 191 264 239 258 333 -1 -1 226 344 222 311 284 328 286 356 -1 -1
OIP_105.jpgA 34 53 362 374 319 286 328 245 324 213 359 232 362 262 360 301 -1 -1 201 81 112 53 34 126 135 337 143 302 142 261 181 282 176 326 170 374
OIP_106.jpgA 40 68 385 358 40 358 56 301 71 263 -1 -1 96 268 109 320 52 86 294 68 365 92 385 183 289 304 293 273 296 228 -1 -1 273 244 274 274
OIP_109.jpgA 21 125 328 288 277 279 286 253 285 227 299 233 296 258 287 288 328 135 137 125 54 152 21 203 121 258 121 234 -1 -1 133 216 138 244 140 282
OIP_110.jpgA 23 96 373 358 286 341 297 289 304 248 361 268 371 309 372 358 373 100 140 96 62 144 23 256 180 324 -1 -1 -1 -1 167 263 165 301 162 342
OIP_111.jpgA 49 84 352 293 352 272 345 239 337 204 297 211 311 247 304 293 351 138 175 109 111 84 49 111 199 256 197 229 -1 -1 149 200 148 233 140 265
OIP_112.jpgA 29 133 367 280 310 263 316 243 319 220 338 226 328 252 318 276 367 138 159 133 92 152 29 195 157 256 159 234 -1 -1 182 235 179 256 178 280
OIP_113.jpgA 24 135 365 304 365 304 360 270 352 241 300 240 308 267 305 300 345 135 138 140 77 146 24 189 182 284 179 259 -1 -1 133 230 130 259 122 288
OIP_114.jpgA 45 93 364 329 344 312 339 262 322 218 353 219 362 264 364 315 357 102 183 93 113 107 45 226 169 315 177 277 179 244 216 233 219 278 216 329
OIP_115.jpgA 38 99 398 339 38 318 40 266 55 236 84 229 77 265 81 307 47 99 250 107 338 107 398 125 254 338 248 299 245 270 273 269 269 304 268 339
OIP_116.jpgA 31 84 387 338 42 338 43 280 52 238 80 231 67 272 74 308 31 84 301 99 371 196 387 307 314 336 307 302 285 257 257 250 260 284 259 317
OIP_118.jpgA 58 117 381 335 67 335 77 266 103 229 -1 -1 61 260 58 327 74 124 263 118 324 117 381 204 259 326 252 289 252 248 -1 -1 223 272 224 308
OIP_119.jpgA 68 23 391 365 311 312 331 245 -1 -1 383 216 391 269 387 333 -1 -1 182 23 94 50 68 253 127 337 131 280 -1 -1 188 245 182 305 174 365
OIP_120.jpgA 96 71 319 352 96 330 153 317 -1 -1 286 295 267 326 237 352 319 307 212 130 145 71 167 102 106 319 108 279 104 233 207 226 197 275 197 328
OIP_122.jpgA 44 74 393 359 44 312 47 275 47 239 -1 -1 -1 -1 140 316 46 102 203 76 293 74 393 158 183 359 185 321 180 286 240 280 237 318 239 359
OIP_123.jpgA 46 110 367 353 71 344 73 300 94 275 -1 -1 56 302 46 335 91 188 248 159 300 110 367 137 261 353 254 319 249 286 279 287 277 319 276 352
OIP_124.jpgA 44 112 400 367 55 367 65 289 89 246 -1 -1 47 279 44 356 63 120 282 112 338 115 400 216 267 356 261 319 256 272 224 270 228 304 229 336
OIP_126.jpgA 69 122 362 400 362 378 360 334 359 294 302 322 310 363 304 400 362 133 137 122 96 123 69 172 177 305 174 277 -1 -1 131 257 138 294 138 325
OIP_127.jpgA 58 162 274 289 90 289 83 260 90 238 -1 -1 65 246 58 274 73 166 186 162 237 167 274 202 220 289 211 273 200 252 -1 -1 185 259 186 281
OIP_128.jpgA 12 69 382 348 324 320 329 277 330 237 352 250 352 294 347 348 382 102 159 69 63 75 12 142 169 284 -1 -1 -1 -1 150 237 150 272 143 318
OIP_129.jpgA 120 119 366 337 328 323 339 281 330 245 354 239 366 283 366 337 352 119 181 122 135 166 120 260 208 323 -1 -1 -1 -1 204 258 196 297 186 337
OIP_131.jpgA 61 132 372 343 312 321 327 274 320 230 345 226 345 271 344 323 372 132 174 132 96 226 61 343 229 311 -1 -1 -1 -1 219 253 213 290 209 332
OIP_133.jpgA 42 170 376 381 127 381 104 337 106 301 72 289 66 322 78 370 42 180 250 170 316 174 376 270 275 369 257 332 245 293 -1 -1 243 334 253 363
OIP_134.jpgA 105 189 272 304 262 290 -1 -1 -1 -1 255 255 268 268 272 292 268 189 144 196 120 231 105 291 158 302 161 285 165 266 181 265 181 285 180 304
OIP_135.jpgA 13 130 387 372 337 360 347 324 345 281 362 284 366 322 364 372 387 130 141 130 71 157 13 254 -1 -1 184 335 180 299 156 282 154 323 -1 -1
OIP_138.jpgA 36 91 370 324 63 316 67 282 66 246 -1 -1 82 277 82 312 36 99 235 91 308 125 370 240 197 324 196 285 189 238 221 241 220 272 222 309
OIP_139.jpgA 57 76 322 314 322 284 315 238 295 207 247 235 263 267 261 314 280 76 100 92 62 125 57 182 156 258 150 232 -1 -1 94 217 95 242 91 268
OIP_14.jpgA 42 40 246 148 213 138 223 119 226 102 208 107 207 126 196 148 246 40 84 53 42 89 46 135 -1 -1 -1 -1 -1 -1 118 102 123 119 128 136
OIP_140.jpgA 48 98 306 258 274 248 278 220 274 199 291 206 299 229 305 258 306 98 115 112 63 154 48 216 125 224 -1 -1 -1 -1 139 202 140 224 144 247
OIP_147.jpgA 37 70 389 292 340 279 -1 -1 -1 -1 349 232 350 263 347 292 389 143 183 70 98 79 37 166 156 279 163 249 163 218 185 222 188 254 185 291
OIP_148.jpgA 40 20 357 360 79 337 67 270 74 222 56 214 40 255 44 311 79 20 241 47 333 80 357 232 226 360 227 320 231 272 283 244 278 286 278 323
OIP_149.jpgA 64 146 330 263 290 253 300 233 294 212 312 217 317 237 311 263 330 146 141 148 91 170 64 221 175 244 175 224 -1 -1 140 218 130 240 121 261
OIP_151.jpgA 21 96 381 327 381 305 368 262 341 234 317 256 330 283 316 327 354 153 171 114 91 96 21 159 174 312 175 277 -1 -1 159 240 141 271 130 306
OIP_153.jpgA 77 134 310 325 77 282 79 254 87 219 -1 -1 101 241 105 269 84 134 220 180 274 206 310 285 212 325 208 301 203 274 -1 -1 225 290 230 313
OIP_154.jpgA 11 80 267 292 267 286 261 258 256 232 210 237 214 263 205 292 262 136 118 91 67 80 11 105 111 237 111 212 114 190 78 182 75 210 69 237
OIP_155.jpgA 4 147 395 367 317 337 338 298 -1 -1 388 288 395 319 394 357 390 147 134 164 44 186 4 246 216 345 204 313 -1 -1 123 296 117 333 102 367
OIP_161.jpgA 47 102 367 304 104 304 93 268 92 227 -1 -1 117 259 141 285 47 175 237 102 306 117 367 173 200 290 204 265 204 231 -1 -1 -1 -1 219 283
OIP_160.jpgA 60 77 385 336 138 336 122 291 128 257 75 235 67 270 60 319 71 120 283 77 359 96 385 154 305 278 308 252 301 222 -1 -1 271 241 275 272
OIP_159.jpgA 65 72 337 344 67 325 65 272 67 227 110 227 108 266 127 314 -1 -1 191 72 273 93 337 246 197 344 187 297 177 245 -1 -1 219 261 220 314
OIP_162.jpgA 33 61 393 321 146 320 126 299 130 275 41 249 37 288 33 321 73 129 300 61 372 89 393 156 330 245 321 226 311 200 -1 -1 256 197 259 224
OIP_164.jpgA 50 107 347 276 295 267 311 230 301 200 322 199 341 221 346 266 347 126 157 107 92 132 50 208 113 267 136 232 -1 -1 187 211 185 244 178 276
OIP_166.jpgA 82 70 338 322 282 293 292 229 280 186 321 174 327 224 335 295 338 81 158 70 108 140 82 322 148 295 -1 -1 -1 -1 204 226 190 269 186 316
OIP_167.jpgA 56 48 387 341 128 341 117 281 127 240 64 217 56 254 63 333 74 48 287 68 372 148 387 205 286 316 285 271 289 218 -1 -1 254 243 248 276
OIP_173.jpgA 8 68 382 351 324 318 330 283 330 238 352 256 352 298 346 351 382 101 160 68 63 75 8 140 168 282 -1 -1 -1 -1 148 240 149 277 142 320
OIP_178.jpgA 69 113 351 312 274 288 287 241 -1 -1 327 209 343 233 351 280 329 113 178 119 111 178 69 286 189 293 183 269 -1 -1 215 238 207 271 201 312
OIP_180.jpgA 30 70 348 341 337 323 337 283 334 251 296 260 297 300 289 341 348 123 156 104 91 74 30 70 171 279 163 248 -1 -1 117 241 124 277 125 316
OIP_184.jpgA 112 12 379 378 354 259 351 225 350 192 378 196 379 241 378 295 378 12 222 126 156 194 112 300 -1 -1 184 371 186 333 239 335 238 378 -1 -1
OIP_187.jpgA 153 200 369 354 199 354 186 334 190 310 168 319 158 333 153 354 159 245 290 200 341 217 369 267 323 316 318 300 297 281 -1 -1 288 304 291 327
OIP_189.jpgA 21 78 399 351 97 351 81 289 84 250 39 222 27 265 21 326 49 78 286 85 363 148 399 245 315 338 298 296 276 260 -1 -1 259 289 261 330
OIP_190.jpgA 78 63 334 381 132 381 132 354 137 322 -1 -1 78 330 79 360 80 175 222 88 285 63 334 109 254 284 255 258 257 218 -1 -1 220 231 216 259
OIP_191.jpgA 71 83 376 311 118 311 112 269 115 234 95 232 96 267 99 305 71 106 292 83 362 192 376 268 269 293 270 260 270 226 -1 -1 258 251 260 278
OIP_177.jpgA 48 69 366 353 63 353 62 313 67 265 -1 -1 100 277 116 316 48 69 319 95 366 197 357 319 300 326 290 294 286 244 -1 -1 -1 -1 263 287
OIP_193.jpgA 52 93 393 385 114 385 104 338 107 298 63 290 60 329 72 379 52 138 261 93 342 128 393 207 -1 -1 268 288 265 252 229 255 222 291 -1 -1
OIP_194.jpgA 37 125 411 379 73 363 72 325 70 284 -1 -1 108 279 124 325 37 161 243 125 341 194 411 334 256 379 245 338 237 297 -1 -1 270 300 281 327
OIP_20.jpgA 92 47 233 145 201 121 203 104 203 90 216 95 212 110 206 130 233 48 128 47 100 70 92 140 117 142 -1 -1 -1 -1 165 115 163 131 162 145
OIP_203.jpgA 56 123 341 380 311 293 316 268 -1 -1 341 257 337 284 336 306 337 123 199 143 106 188 56 267 193 378 194 352 195 322 230 332 227 357 224 380
OIP_206.jpgA 80 126 337 300 129 295 117 254 123 215 95 210 86 242 86 281 80 126 271 134 327 223 337 300 211 286 215 261 223 231 -1 -1 247 245 261 275
OIP_207.jpgA 34 94 374 313 308 311 314 289 -1 -1 332 244 345 273 341 310 374 132 152 94 64 158 34 259 189 296 185 270 -1 -1 155 246 158 278 158 313
OIP_212.jpgA 44 61 188 375 49 363 48 336 44 313 75 309 76 342 80 375 -1 -1 73 122 151 61 188 113 109 357 108 327 99 290 152 262 157 307 -1 -1
OIP_214.jpgA 45 77 335 355 86 338 80 298 79 260 124 253 111 289 104 322 45 171 224 111 301 77 335 95 189 355 199 316 198 273 274 266 271 307 271 352
OIP_216.jpgA 60 125 326 310 121 310 108 274 105 241 94 226 85 256 93 294 60 151 223 126 289 125 326 202 234 303 231 276 227 244 258 241 262 268 267 294
OIP_23.jpgA 25 51 219 144 179 127 183 113 185 99 203 103 203 118 204 134 219 53 90 51 41 67 25 103 84 136 84 122 -1 -1 101 113 98 129 98 144
OIP_24.jpgA 17 56 189 142 53 130 49 118 45 105 -1 -1 30 110 27 126 17 57 134 56 169 90 189 124 107 142 114 133 106 119 -1 -1 130 130 131 142
OIP_27.jpgA 67 37 227 162 67 138 73 117 77 100 106 90 99 104 105 124 74 37 181 42 221 48 -1 -1 171 162 177 147 178 128 222 130 223 144 227 161
OIP_29.jpgA 50 30 197 174 65 153 62 137 50 115 -1 -1 77 133 78 153 -1 -1 131 30 162 54 197 75 88 174 90 157 89 134 139 130 138 148 141 167
OIP_31.jpgA 29 30 217 158 187 128 191 111 -1 -1 211 98 217 112 217 129 217 31 137 34 86 30 29 72 102 157 104 140 100 122 132 123 122 140 124 158
OIP_33.jpgA 6 28 213 186 29 152 29 130 26 108 -1 -1 47 135 47 150 6 67 121 28 189 33 213 90 130 186 132 169 127 147 163 148 162 165 162 182
OIP_38.jpgA 37 15 142 145 37 126 40 109 45 88 83 100 83 118 84 134 59 15 117 30 134 58 142 94 104 145 103 131 98 112 -1 -1 140 128 140 145
OIP_39.jpgA 78 21 214 116 204 88 205 74 -1 -1 197 66 198 83 195 96 214 21 108 39 78 73 85 116 115 100 119 86 -1 -1 136 80 138 93 138 104
OIP_4.jpgA 65 23 216 102 216 61 208 51 -1 -1 187 58 184 72 177 84 203 23 115 44 83 56 65 90 91 102 96 94 104 86 135 80 139 89 147 93
OIP_43.jpgA 64 19 203 126 71 112 68 92 64 70 -1 -1 91 87 92 108 -1 -1 140 19 176 28 203 73 119 126 122 109 118 90 150 93 148 108 149 126
OIP_46.jpgA 49 57 201 165 75 165 71 148 76 133 52 129 54 145 56 162 49 80 156 62 186 57 201 73 156 145 159 131 165 116 -1 -1 135 130 135 142
OIP_47.jpgA 49 51 238 152 229 146 229 129 230 112 202 113 201 132 196 152 238 51 87 52 49 95 -1 -1 128 135 126 117 -1 -1 106 106 109 124 110 140
OIP_48.jpgA 44 51 196 154 181 146 183 136 185 123 168 129 172 142 173 154 196 77 100 51 61 60 44 83 115 106 -1 -1 -1 -1 99 96 100 109 99 120
OIP_51.jpgA 60 48 262 146 215 133 221 118 220 105 252 103 258 117 262 131 239 48 129 61 81 84 60 114 153 137 145 128 -1 -1 136 119 134 132 131 146
OIP_6.jpgA 61 37 184 160 63 145 61 125 63 107 97 111 95 127 95 144 65 37 163 52 184 92 182 143 149 158 145 144 138 129 -1 -1 -1 -1 173 160
OIP_60.jpgA 41 43 240 140 79 135 72 119 69 104 -1 -1 50 108 45 125 41 52 163 43 205 59 240 94 136 138 144 130 138 114 172 114 167 126 168 140
OIP_61.jpgA 83 36 222 147 183 136 185 119 -1 -1 209 101 210 119 210 139 222 40 117 36 98 83 106 127 83 142 -1 -1 -1 -1 134 113 127 130 119 147
OIP_64.jpgA 41 35 237 173 207 142 211 123 -1 -1 237 102 232 123 226 145 -1 -1 146 40 97 35 41 82 134 166 138 145 139 125 175 128 182 150 191 173
OIP_68.jpgA 47 42 219 158 96 158 93 143 96 126 57 120 51 136 47 157 65 65 159 49 193 42 219 62 173 131 171 118 174 102 -1 -1 152 108 152 121
OIP_69.jpgA 25 31 185 155 30 130 26 115 25 100 -1 -1 61 110 71 131 26 31 129 44 166 70 185 122 136 155 130 140 120 123 140 121 139 135 125 150
OIP_7.jpgA 11 37 183 117 20 106 20 94 21 80 49 79 50 91 58 104 11 41 127 37 171 66 183 105 89 117 93 105 95 92 -1 -1 -1 -1 110 112
OIP_71.jpgA 32 43 181 145 53 137 51 112 48 88 71 88 71 107 77 131 32 43 140 44 181 43 -1 -1 146 144 147 128 143 111 175 110 173 128 165 145
OIP_73.jpgA 66 53 238 145 224 145 228 121 226 99 212 104 213 122 207 143 238 53 118 59 75 100 66 138 128 140 -1 -1 -1 -1 133 114 135 129 136 143
OIP_77.jpgA 14 55 219 147 215 133 216 118 -1 -1 202 109 202 127 198 147 219 62 72 55 39 65 14 102 121 132 114 115 -1 -1 77 106 71 121 63 136
OIP_78.jpgA 44 48 257 140 85 138 73 119 73 103 56 99 50 114 48 135 44 48 191 49 244 92 257 132 158 138 167 129 164 114 -1 -1 195 122 199 140
OIP_82.jpgA 39 26 257 175 -1 -1 79 161 80 142 50 132 48 150 46 175 39 54 199 29 233 26 257 53 211 133 210 118 210 101 -1 -1 186 109 186 128
OIP_83.jpgA 31 22 99 125 85 78 86 67 -1 -1 96 54 97 69 99 82 94 22 47 46 33 61 31 79 34 123 34 112 34 99 60 99 61 112 61 125
OIP_87.jpgA 26 60 223 145 186 133 191 119 187 106 206 107 212 120 212 137 223 77 106 60 56 85 26 139 107 136 110 120 -1 -1 123 117 123 131 123 145
OIP_88.jpgA 868 1054 1596 1356 868 1311 880 1241 927 1199 -1 -1 961 1263 978 1319 892 1054 1373 1057 1548 1181 1596 1346 1200 1319 1256 1284 1273 1246 1328 1248 1333 1300 1341 1356
OIP_90.jpgA 1036 756 3157 2411 1340 2111 1298 1907 1288 1683 1491 1635 1471 1852 1484 2059 1036 756 2540 790 3109 1135 3157 1652 2626 2411 2633 2187 2584 1935 2981 1932 2995 2094 3016 2273
OIP_96.jpgA 59 100 349 327 306 306 311 253 302 210 324 220 327 260 328 309 349 151 171 100 108 129 59 250 166 323 173 289 178 249 216 248 219 288 219 327
OIP_98.jpgA 26 96 387 342 26 342 39 296 53 262 -1 -1 98 293 115 325 37 157 248 96 350 148 387 226 258 314 258 285 255 249 -1 -1 286 257 300 283
OIP_99.jpgA 39 103 384 368 357 337 366 284 -1 -1 341 260 342 306 332 355 384 130 152 103 69 127 39 241 132 338 133 302 132 265 155 267 152 313 148 368
OIP_B1.jpgA 150 179 350 444 177 389 207 373 -1 -1 350 376 326 405 300 444 -1 -1 248 222 163 179 162 212 224 406 229 376 235 350 150 329 157 358 161 384
OIP_B19.jpgA 51 30 148 159 78 145 99 140 -1 -1 148 145 121 148 98 151 -1 -1 137 30 97 36 111 104 51 159 62 138 68 113 134 106 130 132 134 158